frame	intra_count
0	0
1	2
2	3
3	11
4	7
5	7
6	6
7	4
8	5
9	10
10	10
11	8
12	11
13	10
14	10
15	9
16	7
17	12
18	12
19	13
20	6
21	11
22	9
23	16
24	18
25	7
26	10
27	13
28	13
29	13
30	14
31	13
32	11
33	10
34	5
35	12
36	10
37	12
38	13
39	12
40	12
41	12
42	10
43	11
44	16
45	8
46	6
47	10
48	11
49	15
50	13
51	9
52	12
53	11
54	12
55	11
56	12
57	15
58	13
59	10
60	19
61	13
62	13
63	13
64	15
65	13
66	12
67	12
68	13
69	10
70	10
71	13
72	20
73	14
74	10
75	16
76	14
77	14
78	13
79	14
80	16
81	9
82	13
83	13
84	13
85	18
86	13
87	11
88	17
89	16
90	18
91	14
92	19
93	17
94	18
95	20
96	23
97	29
98	25
99	20
100	19
101	24
102	19
103	24
104	17
105	20
106	17
107	19
108	23
109	22
110	22
111	22
112	27
113	20
114	20
115	24
116	22
117	13
118	16
119	16
120	15
121	17
122	16
123	15
124	14
125	17
126	9
127	14
128	11
129	14
130	12
131	13
132	20
133	20
134	12
135	14
136	13
137	12
138	15
139	20
140	14
141	15
142	15
143	13
144	17
145	14
146	20
147	16
148	16
149	10
150	10
151	12
152	18
153	18
154	17
155	16
156	18
157	11
158	20
159	15
160	17
161	18
162	15
163	16
164	10
165	15
166	14
167	16
168	16
169	16
170	13
171	16
172	5
173	16
174	12
175	19
176	16
177	11
178	20
179	11
180	19
181	17
182	17
183	21
184	14
185	16
186	15
187	14
188	17
189	16
190	16
191	10
192	11
193	18
194	13
195	11
196	11
197	15
198	17
199	10
200	15
201	15
202	15
203	13
204	16
205	12
206	18
207	17
208	9
209	16
210	14
211	13
212	11
213	17
214	19
215	13
216	18
217	13
218	13
219	12
220	9
221	16
222	15
223	18
224	12
225	16
226	17
227	15
228	19
229	17
230	20
231	22
232	21
233	14
234	14
235	17
236	16
237	18
238	14
239	22
240	20
241	16
242	17
243	17
244	11
245	15
246	16
247	19
248	22
249	16
250	17
251	16
252	20
253	20
254	22
255	30
256	19
257	20
258	22
259	18
260	20
261	19
262	23
263	18
264	18
265	16
266	30
267	23
268	25
269	20
270	16
271	20
272	13
273	19
274	21
275	21
276	18
277	18
278	15
279	19
280	13
281	12
282	17
283	15
284	20
285	17
286	19
287	24
288	22
289	20
290	16
291	17
292	20
293	15
294	16
295	15
296	16
297	23
298	16
299	21
300	12
301	15
302	21
303	17
304	17
305	16
306	14
307	13
308	16
309	14
310	15
311	20
312	18
313	16
314	19
315	19
316	15
317	13
318	17
319	25
320	22
321	19
322	16
323	18
324	19
325	16
326	16
327	20
328	18
329	23
330	24
331	23
332	21
333	18
334	15
335	20
336	13
337	19
338	13
339	12
340	13
341	17
342	21
343	12
344	14
345	19
346	15
347	15
348	20
349	23
350	20
351	18
352	19
353	17
354	16
355	17
356	17
357	15
358	20
359	22
360	16
361	15
362	18
363	15
364	15
365	20
366	20
367	18
368	23
369	15
370	19
371	23
372	28
373	20
374	15
375	16
376	16
377	20
378	21
379	23
380	20
381	24
382	24
383	22
384	18
385	28
386	23
387	20
388	21
389	25
390	26
391	19
392	20
393	20
394	17
395	25
396	22
397	24
398	26
399	31
400	16
401	24
402	25
403	21
404	24
405	20
406	23
407	29
408	27
409	21
410	19
411	24
412	19
413	23
414	21
415	20
416	22
417	22
418	19
419	20
420	26
421	17
422	20
423	23
424	26
425	24
426	27
427	25
428	26
429	22
430	17
431	27
432	27
433	21
434	23
435	18
436	22
437	24
438	28
439	24
440	19
441	17
442	23
443	22
444	20
445	24
446	24
447	23
448	31
449	21
450	31
451	24
452	25
453	28
454	23
455	25
456	22
457	27
458	32
459	20
460	26
461	25
462	24
463	28
464	24
465	24
466	27
467	29
468	27
469	22
470	21
471	30
472	28
473	21
474	18
475	21
476	24
477	23
478	27
479	20
480	20
481	26
482	22
483	23
484	32
485	24
486	22
487	26
488	22
489	23
490	23
491	16
492	24
493	15
494	23
495	21
496	20
497	27
498	15
499	17
500	22
501	26
502	15
503	27
504	26
505	27
506	24
507	21
508	16
509	18
510	16
511	20
512	14
513	19
514	16
515	18
516	24
517	24
518	24
519	21
520	24
521	19
522	28
523	29
524	23
525	24
526	22
527	19
528	27
529	21
530	23
531	30
532	21
533	23
534	18
535	21
536	27
537	18
538	19
539	21
540	17
541	26
542	24
543	21
544	22
545	18
546	19
547	20
548	16
549	15
550	18
551	18
552	20
553	18
554	16
555	16
556	23
557	24
558	23
559	14
560	17
561	18
562	15
563	19
564	20
565	25
566	27
567	19
568	29
569	16
570	20
571	19
572	20
573	19
574	14
575	17
576	19
577	29
578	17
579	19
580	18
581	24
582	21
583	17
584	19
585	17
586	20
587	23
588	24
589	22
590	22
591	19
592	20
593	21
594	17
595	12
596	24
597	17
598	18
599	20
600	19
601	18
602	19
603	19
604	22
605	28
606	20
607	22
608	24
609	18
610	19
611	23
612	20
613	19
614	24
615	23
616	21
617	20
618	21
619	23
620	22
621	23
622	25
623	24
624	19
625	22
626	22
627	27
628	23
629	23
630	27
631	24
632	29
633	16
634	23
635	23
636	19
637	18
638	19
639	18
640	18
641	21
642	20
643	17
644	24
645	18
646	19
647	19
648	21
649	22
650	23
651	25
652	24
653	24
654	29
655	21
656	18
657	18
658	22
659	24
660	16
661	29
662	20
663	22
664	24
665	29
666	26
667	22
668	28
669	18
670	21
671	20
672	21
673	24
674	24
675	16
676	23
677	23
678	17
679	19
680	21
681	25
682	16
683	15
684	21
685	21
686	21
687	27
688	20
689	20
690	22
691	20
692	21
693	21
694	15
695	19
696	23
697	17
698	27
699	23
700	24
701	17
702	23
703	20
704	21
705	22
706	20
707	21
708	17
709	19
710	23
711	21
712	23
713	18
714	20
715	24
716	17
717	30
718	21
719	27
720	29
721	29
722	25
723	27
724	18
725	28
726	21
727	21
728	20
729	19
730	24
731	26
732	19
733	25
734	23
735	24
736	24
737	21
738	23
739	31
740	25
741	19
742	23
743	20
744	36
745	25
746	25
747	24
748	23
749	30
750	30
751	28
752	26
753	35
754	29
755	19
756	22
757	25
758	29
759	31
760	29
761	28
762	28
763	32
764	24
765	27
766	28
767	28
768	19
769	21
770	30
771	21
772	24
773	20
774	24
775	15
776	26
777	29
778	24
779	27
780	23
781	28
782	30
783	27
784	25
785	29
786	27
787	20
788	35
789	23
790	22
791	24
792	26
793	23
794	21
795	22
796	21
797	24
798	23
799	24
800	27
801	26
802	24
803	20
804	27
805	21
806	23
807	19
808	22
809	16
810	23
811	25
812	34
813	22
814	26
815	28
816	19
817	24
818	27
819	19
820	24
821	24
822	23
823	23
824	26
825	22
826	28
827	17
828	30
829	20
830	24
831	25
832	25
833	37
834	26
835	31
836	28
837	23
838	23
839	28
840	25
841	32
842	27
843	25
844	32
845	28
846	32
847	27
848	28
849	26
850	23
851	26
852	32
853	28
854	28
855	24
856	29
857	29
858	32
859	28
860	30
861	26
862	28
863	27
864	30
865	27
866	27
867	27
868	25
869	25
870	32
871	18
872	25
873	19
874	23
875	23
876	28
877	24
878	24
879	26
880	16
881	25
882	18
883	17
884	19
885	17
886	26
887	26
888	19
889	21
890	25
891	24
892	20
893	19
894	23
895	20
896	27
897	21
898	25
899	30
900	20
901	28
902	22
903	23
904	22
905	20
906	19
907	20
908	16
909	22
910	24
911	30
912	25
913	19
914	23
915	18
916	24
917	21
918	26
919	24
920	30
921	25
922	30
923	26
924	21
925	20
926	29
927	19
928	18
929	22
930	28
931	28
932	19
933	23
934	23
935	30
936	24
937	20
938	21
939	18
940	25
941	27
942	19
943	21
944	25
945	17
946	23
947	18
948	27
949	21
950	17
951	17
952	21
953	21
954	20
955	24
956	24
957	19
958	22
959	19
960	25
961	19
962	20
963	24
964	29
965	24
966	18
967	23
968	21
969	20
970	25
971	19
972	21
973	24
974	19
975	22
976	20
977	15
978	18
979	18
980	20
981	19
982	19
983	27
984	24
985	21
986	18
987	22
988	28
989	16
990	21
991	21
992	23
993	20
994	20
995	29
996	25
997	23
998	26
999	30
1000	15
1001	21
1002	23
1003	20
1004	18
1005	23
1006	22
1007	26
1008	27
1009	25
1010	20
1011	24
1012	27
1013	15
1014	28
1015	19
1016	24
1017	28
1018	24
1019	20
1020	19
1021	26
1022	25
1023	19
1024	28
1025	22
1026	24
1027	23
1028	21
1029	32
1030	24
1031	25
1032	23
1033	30
1034	21
1035	21
1036	21
1037	16
1038	27
1039	21
1040	25
1041	22
1042	29
1043	19
1044	23
1045	21
1046	28
1047	27
1048	20
1049	20
1050	26
1051	30
1052	21
1053	24
1054	19
1055	30
1056	28
1057	20
1058	25
1059	29
1060	23
1061	21
1062	24
1063	29
1064	20
1065	18
1066	17
1067	23
1068	24
1069	25
1070	19
1071	25
1072	21
1073	15
1074	24
1075	22
1076	17
1077	20
1078	20
1079	25
1080	16
1081	22
1082	25
1083	19
1084	28
1085	26
1086	26
1087	19
1088	30
1089	30
1090	23
1091	25
1092	21
1093	22
1094	24
1095	30
1096	34
1097	25
1098	24
1099	22
1100	26
1101	24
1102	24
1103	24
1104	27
1105	24
1106	25
1107	24
1108	19
1109	27
1110	28
1111	26
1112	25
1113	19
1114	34
1115	29
1116	29
1117	26
1118	24
1119	30
1120	24
1121	27
1122	28
1123	28
1124	27
1125	20
1126	27
1127	22
1128	26
1129	27
1130	29
1131	32
1132	22
1133	22
1134	20
1135	30
1136	26
1137	28
1138	21
1139	31
1140	22
1141	20
1142	25
1143	23
1144	23
1145	21
1146	23
1147	25
1148	27
1149	32
1150	29
1151	22
1152	33
1153	24
1154	29
1155	23
1156	31
1157	23
1158	26
1159	36
1160	29
1161	28
1162	25
1163	33
1164	29
1165	29
1166	20
1167	25
1168	36
1169	29
1170	20
1171	23
1172	30
1173	29
1174	24
1175	24
1176	20
1177	27
1178	26
1179	32
1180	24
1181	25
1182	28
1183	26
1184	26
1185	22
1186	26
1187	26
1188	20
1189	30
1190	30
1191	29
1192	28
1193	30
1194	24
1195	30
1196	25
1197	28
1198	27
1199	26
1200	28
1201	20
1202	30
1203	25
1204	25
1205	22
1206	29
1207	28
1208	26
1209	30
1210	26
1211	28
1212	31
1213	32
1214	24
1215	25
1216	25
1217	22
1218	19
1219	30
1220	30
1221	26
1222	21
1223	24
1224	25
1225	33
1226	30
1227	28
1228	28
1229	32
1230	32
1231	27
1232	23
1233	28
1234	28
1235	23
1236	28
1237	28
1238	29
1239	28
1240	30
1241	33
1242	28
1243	24
1244	21
1245	22
1246	27
1247	25
1248	22
1249	22
1250	28
1251	27
1252	27
1253	21
1254	22
1255	26
1256	37
1257	35
1258	27
1259	29
1260	34
1261	31
1262	30
1263	22
1264	25
1265	23
1266	28
1267	31
1268	27
1269	25
1270	24
1271	20
1272	26
1273	32
1274	25
1275	31
1276	28
1277	33
1278	23
1279	22
1280	23
1281	27
1282	27
1283	31
1284	24
1285	26
1286	21
1287	29
1288	29
1289	29
1290	31
1291	28
1292	30
1293	24
1294	19
1295	29
1296	32
1297	24
1298	18
1299	29
1300	28
1301	19
1302	25
1303	21
1304	28
1305	30
1306	20
1307	29
1308	21
1309	22
1310	26
1311	29
1312	23
1313	33
1314	23
1315	28
1316	24
1317	33
1318	27
1319	27
1320	15
1321	23
1322	26
1323	25
1324	26
1325	25
1326	29
1327	23
1328	25
1329	22
1330	29
1331	27
1332	31
1333	24
1334	25
1335	18
1336	25
1337	20
1338	26
1339	21
1340	23
1341	20
1342	26
1343	19
1344	24
1345	24
1346	26
1347	18
1348	19
1349	27
1350	24
1351	21
1352	19
1353	22
1354	28
1355	22
1356	30
1357	16
1358	19
1359	23
1360	23
1361	25
1362	23
1363	23
1364	22
1365	15
1366	23
1367	34
1368	24
1369	23
1370	24
1371	23
1372	30
1373	35
1374	24
1375	21
1376	22
1377	29
1378	23
1379	30
1380	22
1381	24
1382	28
1383	26
1384	30
1385	24
1386	22
1387	25
1388	29
1389	28
1390	23
1391	29
1392	27
1393	17
1394	21
1395	29
1396	24
1397	28
1398	24
1399	27
1400	31
1401	30
1402	27
1403	27
1404	23
1405	24
1406	30
1407	20
1408	31
1409	27
1410	29
1411	31
1412	26
1413	31
1414	32
1415	29
1416	29
1417	22
1418	26
1419	23
1420	24
1421	28
1422	26
1423	26
1424	24
1425	22
1426	26
1427	17
1428	27
1429	20
1430	29
1431	28
1432	32
1433	29
1434	26
1435	34
1436	30
1437	34
1438	37
1439	23
1440	25
1441	34
1442	23
1443	23
1444	29
1445	21
1446	25
1447	24
1448	25
1449	30
1450	26
1451	28
1452	30
1453	24
1454	29
1455	25
1456	27
1457	24
1458	20
1459	19
1460	29
1461	18
1462	29
1463	21
1464	22
1465	23
1466	25
1467	21
1468	27
1469	20
1470	26
1471	24
1472	26
1473	25
1474	25
1475	24
1476	30
1477	24
1478	27
1479	21
1480	20
1481	21
1482	20
1483	22
1484	22
1485	23
1486	24
1487	20
1488	21
1489	24
1490	26
1491	21
1492	22
1493	26
1494	27
1495	19
1496	18
1497	26
1498	29
1499	20
1500	18
1501	23
1502	22
1503	20
1504	24
1505	29
1506	25
1507	27
1508	23
1509	18
1510	24
1511	20
1512	19
1513	20
1514	24
1515	23
1516	17
1517	20
1518	24
1519	19
1520	22
1521	18
1522	29
1523	27
1524	24
1525	25
1526	22
1527	18
1528	23
1529	24
1530	23
1531	23
1532	20
1533	26
1534	22
1535	24
1536	22
1537	28
1538	29
1539	23
1540	19
1541	22
1542	23
1543	26
1544	25
1545	26
1546	23
1547	23
1548	27
1549	28
1550	26
1551	27
1552	25
1553	25
1554	24
1555	23
1556	23
1557	23
1558	19
1559	33
1560	23
1561	17
1562	30
1563	27
1564	17
1565	24
1566	26
1567	28
1568	21
1569	21
1570	23
1571	25
1572	17
1573	22
1574	27
1575	23
1576	26
1577	21
1578	20
1579	22
1580	20
1581	23
1582	27
1583	22
1584	19
1585	26
1586	25
1587	23
1588	25
1589	22
1590	27
1591	22
1592	20
1593	28
1594	22
1595	19
1596	18
1597	21
1598	19
1599	24
1600	20
1601	25
1602	24
1603	25
1604	27
1605	22
1606	20
1607	26
1608	26
1609	24
1610	22
1611	17
1612	16
1613	26
1614	17
1615	28
1616	19
1617	24
1618	28
1619	20
1620	21
1621	20
1622	23
1623	20
1624	27
1625	21
1626	24
1627	29
1628	24
1629	26
1630	24
1631	24
1632	26
1633	24
1634	27
1635	18
1636	27
1637	25
1638	27
1639	18
1640	25
1641	29
1642	20
1643	24
1644	22
1645	24
1646	22
1647	17
1648	22
1649	20
1650	24
1651	19
1652	22
1653	23
1654	23
1655	26
1656	30
1657	25
1658	26
1659	25
1660	30
1661	22
1662	33
1663	27
1664	23
1665	24
1666	30
1667	34
1668	27
1669	23
1670	27
1671	29
1672	21
1673	25
1674	25
1675	28
1676	26
1677	24
1678	22
1679	34
1680	29
1681	27
1682	28
1683	26
1684	19
1685	29
1686	21
1687	24
1688	20
1689	21
1690	33
1691	30
1692	26
1693	28
1694	23
1695	28
1696	23
1697	24
1698	24
1699	29
1700	25
1701	33
1702	26
1703	28
1704	31
1705	34
1706	35
1707	27
1708	30
1709	27
1710	29
1711	24
1712	30
1713	25
1714	25
1715	28
1716	32
1717	24
1718	34
1719	33
1720	28
1721	37
1722	33
1723	26
1724	33
1725	29
1726	33
1727	24
1728	25
1729	31
1730	28
1731	26
1732	23
1733	24
1734	31
1735	24
1736	20
1737	25
1738	28
1739	27
1740	30
1741	32
1742	28
1743	22
1744	19
1745	28
1746	26
1747	28
1748	34
1749	30
1750	21
1751	29
1752	27
1753	20
1754	38
1755	22
1756	26
1757	21
1758	23
1759	30
1760	22
1761	29
1762	26
1763	17
1764	29
1765	25
1766	27
1767	36
1768	23
1769	29
1770	27
1771	28
1772	34
1773	28
1774	34
1775	31
1776	29
1777	29
1778	27
1779	23
1780	25
1781	28
1782	28
1783	27
1784	28
1785	25
1786	27
1787	29
1788	26
1789	27
1790	28
1791	22
1792	29
1793	28
1794	31
1795	29
1796	29
1797	32
1798	31
1799	25
1800	26
1801	22
1802	28
1803	32
1804	24
1805	25
1806	21
1807	29
1808	23
1809	30
1810	22
1811	26
1812	17
1813	26
1814	21
1815	21
1816	22
1817	24
1818	23
1819	24
1820	30
1821	29
1822	22
1823	24
1824	28
1825	22
1826	19
1827	27
1828	30
1829	30
1830	24
1831	33
1832	24
1833	24
1834	33
1835	26
1836	27
1837	26
1838	24
1839	31
1840	33
1841	29
1842	29
1843	24
1844	29
1845	31
1846	31
1847	27
1848	26
1849	25
1850	32
1851	30
1852	26
1853	25
1854	20
1855	26
1856	28
1857	32
1858	30
1859	33
1860	28
1861	33
1862	27
1863	28
1864	26
1865	25
1866	30
1867	34
1868	30
1869	28
1870	27
1871	29
1872	31
1873	22
1874	21
1875	28
1876	35
1877	31
1878	24
1879	21
1880	25
1881	24
1882	29
1883	28
1884	18
1885	26
1886	32
1887	29
1888	28
1889	27
1890	35
1891	32
1892	28
1893	28
1894	28
1895	34
1896	29
1897	29
1898	34
1899	39
1900	30
1901	31
1902	35
1903	31
1904	30
1905	31
1906	35
1907	35
1908	34
1909	40
1910	35
1911	35
1912	28
1913	25
1914	32
1915	38
1916	32
1917	23
1918	28
1919	27
1920	27
1921	33
1922	24
1923	24
1924	33
1925	33
1926	24
1927	27
1928	35
1929	24
1930	30
1931	23
1932	26
1933	29
1934	21
1935	33
1936	27
1937	29
1938	25
1939	26
1940	26
1941	33
1942	25
1943	30
1944	21
1945	29
1946	30
1947	29
1948	26
1949	31
1950	27
1951	28
1952	31
1953	31
1954	23
1955	30
1956	24
1957	25
1958	27
1959	30
1960	35
1961	28
1962	26
1963	26
1964	32
1965	21
1966	26
1967	28
1968	26
1969	35
1970	29
1971	26
1972	29
1973	28
1974	29
1975	34
1976	36
1977	36
1978	29
1979	31
1980	34
1981	31
1982	25
1983	27
1984	27
1985	26
1986	25
1987	34
1988	37
1989	22
1990	28
1991	37
1992	29
1993	27
1994	34
1995	33
1996	40
1997	28
1998	36
1999	39
2000	36
2001	32
2002	28
2003	25
2004	30
2005	31
2006	36
2007	33
2008	28
2009	32
2010	37
2011	25
2012	30
2013	28
2014	30
2015	23
2016	33
2017	26
2018	28
2019	27
2020	31
2021	31
2022	33
2023	24
2024	27
2025	32
2026	32
2027	31
2028	27
2029	36
2030	28
2031	30
2032	30
2033	35
2034	32
2035	28
2036	33
2037	31
2038	32
2039	35
2040	28
2041	24
2042	30
2043	28
2044	27
2045	36
2046	26
2047	33
2048	30
2049	31
2050	32
2051	28
2052	28
2053	26
2054	30
2055	28
2056	32
2057	32
2058	34
2059	32
2060	26
2061	27
2062	27
2063	26
2064	23
2065	31
2066	28
2067	31
2068	30
2069	27
2070	23
2071	32
2072	35
2073	29
2074	28
2075	29
2076	26
2077	30
2078	32
2079	26
2080	39
2081	31
2082	32
2083	29
2084	31
2085	30
2086	35
2087	32
2088	35
2089	31
2090	24
2091	28
2092	29
2093	26
2094	31
2095	24
2096	20
2097	28
2098	30
2099	28
2100	24
2101	25
2102	25
2103	22
2104	27
2105	26
2106	32
2107	26
2108	24
2109	23
2110	30
2111	27
2112	26
2113	33
2114	23
2115	22
2116	30
2117	31
2118	29
2119	22
2120	22
2121	22
2122	25
2123	19
2124	25
2125	27
2126	24
2127	28
2128	29
2129	22
2130	28
2131	29
2132	25
2133	29
2134	24
2135	26
2136	30
2137	25
2138	21
2139	32
2140	29
2141	26
2142	25
2143	25
2144	21
2145	18
2146	23
2147	21
2148	23
2149	20
2150	21
2151	27
2152	23
2153	35
2154	26
2155	29
2156	28
2157	22
2158	22
2159	27
2160	23
2161	35
2162	30
2163	28
2164	32
2165	30
2166	26
2167	33
2168	34
2169	30
2170	22
2171	23
2172	28
2173	28
2174	28
2175	22
2176	35
2177	35
2178	29
2179	36
2180	25
2181	37
2182	31
2183	30
2184	28
2185	33
2186	29
2187	21
2188	26
2189	30
2190	31
2191	29
2192	25
2193	28
2194	28
2195	27
2196	35
2197	30
2198	30
2199	37
2200	33
2201	30
2202	27
2203	30
2204	30
2205	30
2206	27
2207	27
2208	36
2209	32
2210	33
2211	34
2212	32
2213	31
2214	32
2215	28
2216	26
2217	38
2218	29
2219	34
2220	27
2221	26
2222	27
2223	38
2224	36
2225	24
2226	33
2227	30
2228	24
2229	32
2230	26
2231	30
2232	33
2233	26
2234	30
2235	32
2236	31
2237	32
2238	32
2239	25
2240	27
2241	27
2242	38
2243	39
2244	35
2245	32
2246	26
2247	35
2248	31
2249	34
2250	38
2251	33
2252	36
2253	33
2254	30
2255	32
2256	31
2257	31
2258	45
2259	31
2260	27
2261	34
2262	29
2263	33
2264	32
2265	26
2266	24
2267	34
2268	32
2269	30
2270	32
2271	34
2272	27
2273	31
2274	28
2275	28
2276	26
2277	30
2278	26
2279	25
2280	28
2281	30
2282	27
2283	25
2284	25
2285	20
2286	32
2287	25
2288	33
2289	30
2290	28
2291	26
2292	32
2293	29
2294	29
2295	29
2296	28
2297	26
2298	19
2299	31
2300	27
2301	24
2302	29
2303	25
2304	29
2305	29
2306	28
2307	27
2308	23
2309	26
2310	27
2311	24
2312	33
2313	28
2314	26
2315	33
2316	27
2317	25
2318	24
2319	26
2320	28
2321	27
2322	35
2323	38
2324	24
2325	35
2326	32
2327	22
2328	30
2329	23
2330	31
2331	27
2332	33
2333	32
2334	27
2335	28
2336	23
2337	34
2338	30
2339	25
2340	34
2341	32
2342	27
2343	27
2344	21
2345	28
2346	29
2347	24
2348	22
2349	31
2350	27
2351	25
2352	24
2353	23
2354	28
2355	33
2356	31
2357	30
2358	33
2359	28
2360	29
2361	24
2362	29
2363	39
2364	28
2365	28
2366	30
2367	24
2368	21
2369	30
2370	31
2371	27
2372	30
2373	25
2374	25
2375	21
2376	33
2377	29
2378	25
2379	23
2380	30
2381	21
2382	31
2383	29
2384	29
2385	30
2386	30
2387	29
2388	32
2389	32
2390	28
2391	31
2392	27
2393	35
2394	36
2395	24
2396	27
2397	33
2398	29
2399	30
2400	28
2401	23
2402	25
2403	25
2404	42
2405	28
2406	30
2407	24
2408	25
2409	25
2410	25
2411	47
2412	36
2413	30
2414	30
2415	35
2416	34
2417	30
2418	30
2419	27
2420	23
2421	32
2422	28
2423	31
2424	29
2425	26
2426	23
2427	23
2428	32
2429	26
2430	31
2431	30
2432	31
2433	31
2434	33
2435	31
2436	29
2437	37
2438	29
2439	24
2440	31
2441	37
2442	30
2443	32
2444	30
2445	32
2446	35
2447	31
2448	29
2449	28
2450	25
2451	28
2452	28
2453	29
2454	26
2455	26
2456	35
2457	31
2458	34
2459	32
2460	27
2461	29
2462	23
2463	28
2464	31
2465	27
2466	25
2467	28
2468	23
2469	23
2470	31
2471	24
2472	35
2473	32
2474	24
2475	18
2476	30
2477	32
2478	37
2479	38
2480	31
2481	29
2482	29
2483	37
2484	26
2485	30
2486	31
2487	35
2488	38
2489	31
2490	32
2491	38
2492	28
2493	33
2494	30
2495	29
2496	30
2497	34
2498	31
2499	36
2500	31
2501	27
2502	34
2503	32
2504	35
2505	30
2506	26
2507	32
2508	33
2509	27
2510	28
2511	29
2512	31
2513	42
2514	29
2515	33
2516	29
2517	33
2518	24
2519	26
2520	30
2521	24
2522	27
2523	32
2524	34
2525	31
2526	32
2527	31
2528	34
2529	26
2530	29
2531	25
2532	26
2533	34
2534	24
2535	20
2536	30
2537	34
2538	30
2539	26
2540	26
2541	30
2542	35
2543	28
2544	31
2545	28
2546	30
2547	27
2548	35
2549	25
2550	32
2551	23
2552	21
2553	23
2554	29
2555	27
2556	27
2557	24
2558	26
2559	26
2560	30
2561	31
2562	28
2563	30
2564	28
2565	29
2566	31
2567	29
2568	34
2569	28
2570	29
2571	26
2572	30
2573	31
2574	38
2575	34
2576	30
2577	27
2578	29
2579	30
2580	31
2581	27
2582	30
2583	25
2584	29
2585	32
2586	30
2587	23
2588	29
2589	31
2590	30
2591	27
2592	30
2593	32
2594	31
2595	23
2596	27
2597	31
2598	29
2599	30
2600	28
2601	28
2602	25
2603	30
2604	25
2605	35
2606	32
2607	37
2608	31
2609	29
2610	36
2611	23
2612	28
2613	33
2614	31
2615	24
2616	27
2617	27
2618	34
2619	33
2620	21
2621	29
2622	35
2623	26
2624	23
2625	28
2626	30
2627	27
2628	31
2629	24
2630	22
2631	22
2632	28
2633	27
2634	22
2635	26
2636	31
2637	25
2638	32
2639	22
2640	28
2641	28
2642	29
2643	27
2644	37
2645	25
2646	29
2647	30
2648	25
2649	25
2650	28
2651	34
2652	23
2653	30
2654	32
2655	27
2656	28
2657	28
2658	25
2659	28
2660	33
2661	32
2662	23
2663	32
2664	23
2665	37
2666	31
2667	35
2668	30
2669	31
2670	29
2671	36
2672	32
2673	32
2674	31
2675	37
2676	34
2677	39
2678	36
2679	30
2680	33
2681	38
2682	30
2683	25
2684	34
2685	35
2686	31
2687	38
2688	27
2689	29
2690	29
2691	27
2692	22
2693	27
2694	24
2695	21
2696	29
2697	29
2698	20
2699	33
2700	33
2701	27
2702	26
2703	32
2704	27
2705	32
2706	33
2707	35
2708	23
2709	34
2710	24
2711	26
2712	28
2713	34
2714	32
2715	24
2716	25
2717	28
2718	29
2719	23
2720	30
2721	27
2722	24
2723	31
2724	27
2725	26
2726	20
2727	24
2728	30
2729	23
2730	22
2731	26
2732	33
2733	30
2734	21
2735	26
2736	27
2737	21
2738	25
2739	28
2740	38
2741	29
2742	27
2743	16
2744	27
2745	26
2746	24
2747	28
2748	23
2749	16
2750	22
2751	26
2752	22
2753	26
2754	26
2755	14
2756	27
2757	21
2758	18
2759	30
2760	17
2761	19
2762	21
2763	21
2764	26
2765	15
2766	26
2767	28
2768	19
2769	26
2770	29
2771	19
2772	20
2773	29
2774	23
2775	18
2776	21
2777	26
2778	22
2779	30
2780	27
2781	21
2782	26
2783	22
2784	22
2785	18
2786	17
2787	27
2788	20
2789	22
2790	26
2791	23
2792	19
2793	26
2794	19
2795	25
2796	33
2797	23
2798	24
2799	19
2800	21
2801	30
2802	27
2803	21
2804	15
2805	24
2806	27
2807	25
2808	31
2809	23
2810	28
2811	28
2812	34
2813	24
2814	28
2815	19
2816	27
2817	22
2818	30
2819	27
2820	27
2821	23
2822	25
2823	23
2824	29
2825	24
2826	19
2827	32
2828	31
2829	26
2830	20
2831	32
2832	32
2833	30
2834	26
2835	32
2836	24
2837	30
2838	25
2839	17
2840	21
2841	29
2842	22
2843	23
2844	25
2845	27
2846	32
2847	22
2848	30
2849	24
2850	31
2851	27
2852	25
2853	22
2854	22
2855	24
2856	23
2857	19
2858	25
2859	25
2860	25
2861	24
2862	25
2863	25
2864	26
2865	26
2866	27
2867	23
2868	18
2869	21
2870	30
2871	23
2872	19
2873	20
2874	24
2875	25
2876	23
2877	27
2878	25
2879	23
2880	27
2881	26
2882	23
2883	25
2884	31
2885	27
2886	21
2887	29
2888	27
2889	28
2890	33
2891	25
2892	31
2893	29
2894	25
2895	27
2896	29
2897	30
2898	28
2899	23
2900	27
2901	23
2902	24
2903	36
2904	29
2905	26
2906	31
2907	28
2908	29
2909	28
2910	26
2911	30
2912	25
2913	28
2914	22
2915	24
2916	24
2917	27
2918	18
2919	29
2920	28
2921	24
2922	29
2923	36
2924	27
2925	30
2926	37
2927	24
2928	26
2929	30
2930	19
2931	22
2932	29
2933	26
2934	29
2935	25
2936	32
2937	34
2938	30
2939	31
2940	26
2941	30
2942	25
2943	21
2944	24
2945	28
2946	29
2947	24
2948	27
2949	19
2950	23
2951	22
2952	17
2953	24
2954	21
2955	32
2956	25
2957	20
2958	27
2959	21
2960	24
2961	32
2962	30
2963	26
2964	20
2965	27
2966	21
2967	22
2968	24
2969	24
2970	24
2971	25
2972	21
2973	23
2974	29
2975	25
2976	26
2977	20
2978	23
2979	18
2980	20
2981	30
2982	21
2983	28
2984	22
2985	28
2986	27
2987	22
2988	24
2989	22
2990	19
2991	29
2992	22
2993	23
2994	34
2995	20
2996	20
2997	18
2998	18
2999	25
3000	29
3001	27
3002	27
3003	23
3004	27
3005	35
3006	24
3007	30
3008	25
3009	24
3010	27
3011	27
3012	29
3013	25
3014	30
3015	25
3016	25
3017	36
3018	26
3019	26
3020	24
3021	30
3022	32
3023	25
3024	26
3025	22
3026	36
3027	29
3028	29
3029	28
3030	22
3031	28
3032	25
3033	26
3034	27
3035	30
3036	27
3037	33
3038	38
3039	32
3040	26
3041	26
3042	32
3043	26
3044	31
3045	31
3046	30
3047	27
3048	27
3049	32
3050	32
3051	27
3052	28
3053	27
3054	40
3055	29
3056	34
3057	33
3058	29
3059	34
3060	27
3061	27
3062	25
3063	33
3064	27
3065	36
3066	24
3067	32
3068	25
3069	28
3070	31
3071	26
3072	25
3073	29
3074	26
3075	32
3076	25
3077	25
3078	26
3079	24
3080	22
3081	23
3082	39
3083	26
3084	34
3085	22
3086	29
3087	36
3088	27
3089	28
3090	33
3091	22
3092	25
3093	29
3094	28
3095	24
3096	35
3097	28
3098	31
3099	27
3100	24
3101	24
3102	25
3103	21
3104	25
3105	22
3106	30
3107	24
3108	31
3109	26
3110	31
3111	20
3112	27
3113	35
3114	29
3115	33
3116	30
3117	26
3118	28
3119	26
3120	23
3121	27
3122	25
3123	24
3124	23
3125	27
3126	26
3127	26
3128	25
3129	27
3130	19
3131	29
3132	30
3133	29
3134	31
3135	24
3136	25
3137	25
3138	25
3139	30
3140	26
3141	24
3142	29
3143	26
3144	27
3145	29
3146	31
3147	27
3148	29
3149	30
3150	30
3151	29
3152	33
3153	23
3154	27
3155	32
3156	20
3157	28
3158	25
3159	28
3160	29
3161	19
3162	28
3163	33
3164	29
3165	26
3166	25
3167	29
3168	26
3169	23
3170	23
3171	24
3172	22
3173	20
3174	23
3175	29
3176	28
3177	24
3178	23
3179	25
3180	25
3181	24
3182	31
3183	21
3184	22
3185	22
3186	23
3187	25
3188	18
3189	23
3190	20
3191	19
3192	18
3193	27
3194	23
3195	24
3196	27
3197	19
3198	27
3199	20
3200	28
3201	24
3202	23
3203	26
3204	26
3205	24
3206	29
3207	22
3208	26
3209	25
3210	20
3211	28
3212	18
3213	26
3214	25
3215	28
3216	26
3217	20
3218	24
3219	23
3220	31
3221	19
3222	26
3223	22
3224	22
3225	31
3226	26
3227	24
3228	22
3229	27
3230	28
3231	27
3232	32
3233	22
3234	25
3235	30
3236	20
3237	27
3238	25
3239	19
3240	23
3241	20
3242	28
3243	23
3244	26
3245	20
3246	21
3247	24
3248	21
3249	24
3250	26
3251	26
3252	23
3253	17
3254	17
3255	21
3256	20
3257	20
3258	19
3259	16
3260	18
3261	17
3262	20
3263	19
3264	22
3265	21
3266	25
3267	23
3268	18
3269	14
3270	27
3271	22
3272	19
3273	21
3274	21
3275	16
3276	25
3277	30
3278	26
3279	19
3280	16
3281	26
3282	21
3283	22
3284	18
3285	25
3286	24
3287	22
3288	23
3289	26
3290	25
3291	25
3292	25
3293	26
3294	30
3295	25
3296	22
3297	21
3298	22
3299	25
3300	16
3301	25
3302	25
3303	21
3304	25
3305	30
3306	26
3307	26
3308	22
3309	29
3310	26
3311	26
3312	22
3313	24
3314	28
3315	24
3316	22
3317	24
3318	21
3319	23
3320	23
3321	27
3322	24
3323	26
3324	30
3325	19
3326	20
3327	19
3328	28
3329	21
3330	25
3331	29
3332	29
3333	21
3334	19
3335	22
3336	21
3337	21
3338	28
3339	17
3340	17
3341	17
3342	25
3343	20
3344	22
3345	25
3346	22
3347	29
3348	27
3349	18
3350	25
3351	18
3352	32
3353	30
3354	22
3355	25
3356	20
3357	20
3358	24
3359	23
3360	25
3361	26
3362	22
3363	21
3364	25
3365	29
3366	20
3367	25
3368	21
3369	23
3370	22
3371	22
3372	21
3373	20
3374	20
3375	25
3376	20
3377	23
3378	24
3379	24
3380	22
3381	27
3382	28
3383	32
3384	29
3385	21
3386	27
3387	21
3388	29
3389	22
3390	24
3391	21
3392	27
3393	17
3394	33
3395	15
3396	21
3397	24
3398	18
3399	24
3400	17
3401	26
3402	26
3403	25
3404	23
3405	25
3406	22
3407	23
3408	19
3409	26
3410	23
3411	19
3412	17
3413	30
3414	26
3415	27
3416	22
3417	19
3418	17
3419	25
3420	26
3421	24
3422	27
3423	34
3424	26
3425	29
3426	24
3427	25
3428	29
3429	25
3430	32
3431	24
3432	27
3433	20
3434	27
3435	21
3436	24
3437	26
3438	28
3439	31
3440	32
3441	25
3442	27
3443	32
3444	26
3445	26
3446	18
3447	19
3448	21
3449	25
3450	23
3451	26
3452	29
3453	20
3454	22
3455	23
3456	22
3457	22
3458	20
3459	25
3460	14
3461	25
3462	24
3463	19
3464	24
3465	29
3466	23
3467	24
3468	24
3469	19
3470	26
3471	24
3472	34
3473	20
3474	35
3475	27
3476	24
3477	28
3478	26
3479	25
3480	31
3481	27
3482	29
3483	21
3484	31
3485	22
3486	25
3487	19
3488	19
3489	28
3490	23
3491	25
3492	24
3493	28
3494	25
3495	26
3496	24
3497	33
3498	27
3499	32
3500	25
3501	30
3502	28
3503	23
3504	27
3505	16
3506	25
3507	24
3508	25
3509	26
3510	30
3511	26
3512	24
3513	26
3514	26
3515	35
3516	32
3517	26
3518	27
3519	30
3520	32
3521	34
3522	28
3523	23
3524	29
3525	27
3526	29
3527	26
3528	27
3529	28
3530	33
3531	24
3532	28
3533	20
3534	24
3535	28
3536	21
3537	28
3538	26
3539	30
3540	24
3541	23
3542	31
3543	31
3544	26
3545	25
3546	25
3547	31
3548	30
3549	26
3550	27
3551	19
3552	33
3553	17
3554	24
3555	17
3556	26
3557	22
3558	19
3559	25
3560	27
3561	22
3562	22
3563	22
3564	19
3565	21
3566	29
3567	24
3568	30
3569	31
3570	19
3571	19
3572	20
3573	25
3574	24
3575	22
3576	31
3577	27
3578	19
3579	22
3580	16
3581	25
3582	20
3583	25
3584	29
3585	27
3586	18
3587	22
3588	26
3589	28
3590	23
3591	25
3592	23
3593	23
3594	25
3595	26
3596	26
3597	25
3598	29
3599	28
3600	30
3601	33
3602	26
3603	33
3604	28
3605	21
3606	26
3607	24
3608	24
3609	23
3610	21
3611	20
3612	20
3613	26
3614	24
3615	27
3616	23
3617	23
3618	31
3619	27
3620	26
3621	29
3622	19
3623	18
3624	23
3625	25
3626	27
3627	30
3628	30
3629	23
3630	23
3631	22
3632	22
3633	18
3634	25
3635	16
3636	28
3637	20
3638	28
3639	34
3640	26
3641	27
3642	35
3643	29
3644	35
3645	29
3646	29
3647	23
3648	17
3649	31
3650	23
3651	26
3652	34
3653	31
3654	27
3655	31
3656	23
3657	23
3658	25
3659	22
3660	32
3661	23
3662	31
3663	23
3664	27
3665	16
3666	29
3667	23
3668	23
3669	25
3670	21
3671	22
3672	24
3673	29
3674	30
3675	30
3676	26
3677	24
3678	27
3679	26
3680	22
3681	26
3682	21
3683	21
3684	27
3685	27
3686	22
3687	23
3688	23
3689	26
3690	28
3691	18
3692	35
3693	22
3694	28
3695	29
3696	28
3697	25
3698	31
3699	21
3700	29
3701	23
3702	33
3703	24
3704	28
3705	28
3706	23
3707	27
3708	20
3709	21
3710	25
3711	22
3712	25
3713	25
3714	27
3715	29
3716	30
3717	27
3718	22
3719	17
3720	25
3721	15
3722	27
3723	25
3724	20
3725	25
3726	28
3727	26
3728	24
3729	23
3730	24
3731	21
3732	20
3733	24
3734	21
3735	20
3736	28
3737	34
3738	28
3739	26
3740	24
3741	22
3742	23
3743	24
3744	22
3745	23
3746	25
3747	24
3748	23
3749	28
3750	21
3751	18
3752	27
3753	21
3754	24
3755	25
3756	23
3757	25
3758	18
3759	23
3760	16
3761	26
3762	22
3763	28
3764	22
3765	24
3766	27
3767	22
3768	21
3769	20
3770	29
3771	21
3772	23
3773	27
3774	20
3775	22
3776	21
3777	27
3778	29
3779	26
3780	21
3781	24
3782	22
3783	24
3784	26
3785	21
3786	21
3787	21
3788	27
3789	18
3790	24
3791	17
3792	23
3793	25
3794	26
3795	28
3796	20
3797	28
3798	28
3799	22
3800	23
3801	25
3802	14
3803	23
3804	24
3805	24
3806	25
3807	24
3808	20
3809	23
3810	18
3811	23
3812	17
3813	23
3814	19
3815	25
3816	21
3817	19
3818	19
3819	22
3820	22
3821	19
3822	27
3823	23
3824	20
3825	19
3826	20
3827	19
3828	17
3829	21
3830	13
3831	20
3832	20
3833	18
3834	19
3835	17
3836	14
3837	18
3838	14
3839	21
3840	16
3841	18
3842	19
3843	16
3844	16
3845	17
3846	17
3847	22
3848	28
3849	21
3850	15
3851	14
3852	15
3853	18
3854	19
3855	19
3856	21
3857	18
3858	20
3859	17
3860	27
3861	19
3862	21
3863	20
3864	18
3865	22
3866	16
3867	19
3868	23
3869	19
3870	27
3871	15
3872	19
3873	16
3874	20
3875	22
3876	22
3877	16
3878	20
3879	18
3880	22
3881	22
3882	19
3883	26
3884	22
3885	18
3886	18
3887	20
3888	20
3889	18
3890	22
3891	20
3892	21
3893	19
3894	24
3895	18
3896	22
3897	20
3898	22
3899	17
3900	22
3901	17
3902	18
3903	28
3904	21
3905	26
3906	21
3907	26
3908	23
3909	24
3910	22
3911	25
3912	21
3913	24
3914	24
3915	27
3916	22
3917	25
3918	28
3919	19
3920	25
3921	17
3922	23
3923	26
3924	23
3925	22
3926	20
3927	19
3928	21
3929	21
3930	23
3931	21
3932	18
3933	25
3934	17
3935	24
3936	17
3937	19
3938	23
3939	24
3940	26
3941	21
3942	24
3943	18
3944	22
3945	26
3946	15
3947	24
3948	20
3949	21
3950	20
3951	23
3952	30
3953	18
3954	19
3955	22
3956	20
3957	20
3958	25
3959	23
3960	24
3961	24
3962	22
3963	21
3964	16
3965	23
3966	22
3967	24
3968	24
3969	25
3970	23
3971	25
3972	23
3973	26
3974	22
3975	22
3976	18
3977	25
3978	21
3979	24
3980	28
3981	24
3982	32
3983	25
3984	21
3985	23
3986	20
3987	24
3988	15
3989	21
3990	29
3991	26
3992	26
3993	22
3994	22
3995	23
3996	22
3997	25
3998	25
3999	24
4000	16
4001	18
4002	20
4003	30
4004	31
4005	26
4006	21
4007	19
4008	19
4009	26
4010	19
4011	26
4012	18
4013	23
4014	21
4015	24
4016	21
4017	20
4018	19
4019	27
4020	23
4021	30
4022	21
4023	19
4024	18
4025	20
4026	21
4027	27
4028	25
4029	21
4030	24
4031	30
4032	25
4033	26
4034	22
4035	27
4036	33
4037	29
4038	26
4039	25
4040	20
4041	31
4042	22
4043	28
4044	19
4045	20
4046	30
4047	34
4048	28
4049	24
4050	21
4051	29
4052	27
4053	25
4054	21
4055	22
4056	29
4057	33
4058	26
4059	26
4060	32
4061	21
4062	22
4063	27
4064	24
4065	29
4066	29
4067	23
4068	24
4069	28
4070	24
4071	28
4072	26
4073	28
4074	25
4075	28
4076	34
4077	29
4078	27
4079	19
4080	25
4081	19
4082	21
4083	21
4084	28
4085	25
4086	24
4087	17
4088	25
4089	30
4090	31
4091	30
4092	26
4093	25
4094	25
4095	29
4096	33
4097	17
4098	23
4099	27
4100	27
4101	25
4102	22
4103	30
4104	25
4105	29
4106	28
4107	26
4108	28
4109	20
4110	19
4111	28
4112	22
4113	26
4114	22
4115	32
4116	25
4117	28
4118	27
4119	25
4120	23
4121	23
4122	30
4123	23
4124	19
4125	22
4126	21
4127	35
4128	22
4129	19
4130	23
4131	22
4132	19
4133	25
4134	19
4135	23
4136	28
4137	21
4138	30
4139	21
4140	30
4141	30
4142	22
4143	23
4144	25
4145	22
4146	28
4147	23
4148	23
4149	23
4150	19
4151	21
4152	22
4153	16
4154	20
4155	23
4156	17
4157	31
4158	28
4159	28
4160	21
4161	28
4162	32
4163	17
4164	25
4165	19
4166	24
4167	26
4168	16
4169	20
4170	19
4171	16
4172	20
4173	21
4174	22
4175	22
4176	21
4177	26
4178	23
4179	26
4180	25
4181	31
4182	29
4183	19
4184	29
4185	22
4186	26
4187	32
4188	23
4189	25
4190	25
4191	30
4192	24
4193	28
4194	21
4195	22
4196	23
4197	32
4198	22
4199	23
4200	21
4201	24
4202	24
4203	28
4204	24
4205	14
4206	20
4207	23
4208	21
4209	25
4210	22
4211	31
4212	22
4213	27
4214	28
4215	30
4216	28
4217	26
4218	18
4219	26
4220	21
4221	16
4222	22
4223	25
4224	19
4225	26
4226	22
4227	25
4228	23
4229	27
4230	20
4231	25
4232	19
4233	20
4234	23
4235	25
4236	26
4237	23
4238	22
4239	23
4240	20
4241	21
4242	17
4243	27
4244	15
4245	23
4246	23
4247	24
4248	19
4249	17
4250	24
4251	17
4252	29
4253	20
4254	21
4255	24
4256	28
4257	24
4258	24
4259	25
4260	22
4261	23
4262	19
4263	19
4264	24
4265	21
4266	18
4267	24
4268	21
4269	15
4270	26
4271	26
4272	24
4273	15
4274	16
4275	25
4276	18
4277	20
4278	20
4279	26
4280	21
4281	19
4282	20
4283	25
4284	14
4285	22
4286	22
4287	23
4288	17
4289	18
4290	14
4291	19
4292	19
4293	24
4294	20
4295	27
4296	20
4297	21
4298	21
4299	20
4300	19
4301	19
4302	24
4303	25
4304	21
4305	19
4306	27
4307	21
4308	25
4309	19
4310	21
4311	30
4312	18
4313	20
4314	19
4315	19
4316	24
4317	25
4318	20
4319	18
4320	21
4321	17
4322	19
4323	16
4324	22
4325	24
4326	23
4327	23
4328	20
4329	23
4330	21
4331	19
4332	19
4333	21
4334	18
4335	22
4336	20
4337	24
4338	24
4339	19
4340	21
4341	31
4342	17
4343	19
4344	17
4345	26
4346	21
4347	23
4348	19
4349	21
4350	17
4351	16
4352	21
4353	13
4354	14
4355	21
4356	17
4357	19
4358	25
4359	19
4360	20
4361	25
4362	19
4363	18
4364	18
4365	16
4366	20
4367	22
4368	16
4369	19
4370	21
4371	20
4372	18
4373	16
4374	22
4375	18
4376	19
4377	23
4378	20
4379	18
4380	16
4381	20
4382	16
4383	29
4384	27
4385	17
4386	22
4387	24
4388	13
4389	19
4390	23
4391	16
4392	24
4393	15
4394	20
4395	25
4396	19
4397	17
4398	14
4399	15
4400	16
4401	15
4402	22
4403	19
4404	14
4405	23
4406	22
4407	20
4408	21
4409	19
4410	18
4411	25
4412	20
4413	20
4414	20
4415	22
4416	22
4417	22
4418	19
4419	23
4420	18
4421	18
4422	19
4423	23
4424	25
4425	28
4426	19
4427	24
4428	16
4429	21
4430	18
4431	21
4432	23
4433	13
4434	15
4435	22
4436	24
4437	25
4438	23
4439	14
4440	17
4441	21
4442	20
4443	19
4444	15
4445	17
4446	23
4447	19
4448	27
4449	18
4450	21
4451	21
4452	17
4453	16
4454	18
4455	25
4456	21
4457	22
4458	24
4459	12
4460	22
4461	24
4462	16
4463	23
4464	29
4465	23
4466	19
4467	19
4468	26
4469	23
4470	17
4471	17
4472	24
4473	19
4474	19
4475	19
4476	21
4477	27
4478	19
4479	26
4480	20
4481	22
4482	20
4483	24
4484	25
4485	16
4486	23
4487	19
4488	25
4489	22
4490	21
4491	16
4492	27
4493	22
4494	18
4495	14
4496	24
4497	22
4498	28
4499	22
4500	20
4501	18
4502	15
4503	18
4504	21
4505	22
4506	19
4507	19
4508	17
4509	19
4510	22
4511	20
4512	26
4513	18
4514	17
4515	27
4516	26
4517	20
4518	25
4519	30
4520	26
4521	23
4522	29
4523	22
4524	31
4525	23
4526	18
4527	22
4528	21
4529	30
4530	26
4531	19
4532	18
4533	28
4534	17
4535	22
4536	23
4537	27
4538	27
4539	30
4540	26
4541	31
4542	28
4543	27
4544	29
4545	22
4546	20
4547	24
4548	18
4549	22
4550	21
4551	21
4552	26
4553	21
4554	28
4555	19
4556	25
4557	22
4558	24
4559	30
4560	18
4561	24
4562	22
4563	24
4564	22
4565	21
4566	25
4567	22
4568	24
4569	25
4570	23
4571	24
4572	24
4573	17
4574	18
4575	22
4576	15
4577	17
4578	19
4579	27
4580	27
4581	29
4582	20
4583	22
4584	21
4585	22
4586	22
4587	18
4588	22
4589	24
4590	28
4591	26
4592	17
4593	20
4594	18
4595	30
4596	25
4597	24
4598	19
4599	30
4600	26
4601	27
4602	28
4603	26
4604	25
4605	20
4606	23
4607	27
4608	24
4609	25
4610	28
4611	27
4612	33
4613	18
4614	29
4615	25
4616	21
4617	24
4618	27
4619	19
4620	18
4621	33
4622	23
4623	20
4624	21
4625	19
4626	32
4627	29
4628	26
4629	24
4630	28
4631	16
4632	25
4633	22
4634	20
4635	25
4636	22
4637	27
4638	29
4639	29
4640	31
4641	24
4642	20
4643	22
4644	19
4645	19
4646	31
4647	28
4648	16
4649	24
4650	25
4651	25
4652	22
4653	22
4654	24
4655	23
4656	25
4657	21
4658	25
4659	21
4660	16
4661	26
4662	20
4663	24
4664	25
4665	21
4666	31
4667	23
4668	22
4669	23
4670	25
4671	25
4672	13
4673	20
4674	24
4675	21
4676	21
4677	23
4678	23
4679	25
4680	30
4681	33
4682	30
4683	28
4684	22
4685	19
4686	23
4687	19
4688	28
4689	22
4690	17
4691	29
4692	24
4693	26
4694	22
4695	19
4696	31
4697	21
4698	30
4699	19
4700	24
4701	27
4702	27
4703	23
4704	19
4705	23
4706	22
4707	19
4708	20
4709	20
4710	19
4711	24
4712	21
4713	20
4714	28
4715	17
4716	26
4717	22
4718	21
4719	21
4720	25
4721	25
4722	26
4723	25
4724	27
4725	28
4726	26
4727	40
4728	21
4729	29
4730	30
4731	24
4732	26
4733	25
4734	14
4735	24
4736	19
4737	20
4738	22
4739	31
4740	21
4741	22
4742	25
4743	32
4744	25
4745	28
4746	24
4747	21
4748	22
4749	23
4750	24
4751	22
4752	27
4753	19
4754	19
4755	28
4756	30
4757	18
4758	30
4759	25
4760	23
4761	23
4762	32
4763	31
4764	29
4765	29
4766	30
4767	23
4768	24
4769	26
4770	29
4771	28
4772	28
4773	23
4774	26
4775	30
4776	19
4777	25
4778	27
4779	21
4780	24
4781	21
4782	19
4783	18
4784	28
4785	25
4786	28
4787	26
4788	26
4789	27
4790	23
4791	17
4792	23
4793	13
4794	19
4795	17
4796	25
4797	17
4798	21
4799	14
4800	19
4801	26
4802	22
4803	19
4804	29
4805	16
4806	20
4807	21
4808	20
4809	22
4810	24
4811	20
4812	25
4813	20
4814	18
4815	16
4816	25
4817	23
4818	16
4819	24
4820	27
4821	26
4822	27
4823	25
4824	20
4825	27
4826	32
4827	22
4828	23
4829	21
4830	17
4831	22
4832	24
4833	22
4834	16
4835	25
4836	23
4837	19
4838	21
4839	25
4840	20
4841	22
4842	19
4843	22
4844	19
4845	21
4846	17
4847	18
4848	25
4849	20
4850	18
4851	16
4852	25
4853	23
4854	30
4855	24
4856	20
4857	24
4858	18
4859	35
4860	20
4861	21
4862	23
4863	26
4864	28
4865	21
4866	23
4867	22
4868	19
4869	26
4870	24
4871	23
4872	24
4873	23
4874	25
4875	22
4876	17
4877	21
4878	23
4879	29
4880	21
4881	25
4882	15
4883	22
4884	26
4885	22
4886	22
4887	22
4888	23
4889	32
4890	26
4891	39
4892	26
4893	27
4894	24
4895	23
4896	26
4897	32
4898	24
4899	26
4900	26
4901	25
4902	27
4903	26
4904	19
4905	17
4906	25
4907	29
4908	26
4909	23
4910	22
4911	16
4912	26
4913	22
4914	24
4915	22
4916	22
4917	18
4918	30
4919	34
4920	21
4921	23
4922	18
4923	30
4924	21
4925	23
4926	26
4927	21
4928	29
4929	27
4930	21
4931	26
4932	26
4933	28
4934	18
4935	26
4936	29
4937	23
4938	24
4939	26
4940	26
4941	27
4942	22
4943	19
4944	24
4945	27
4946	26
4947	19
4948	26
4949	24
4950	19
4951	21
4952	28
4953	25
4954	21
4955	20
4956	23
4957	28
4958	19
4959	26
4960	19
4961	19
4962	17
4963	25
4964	25
4965	21
4966	26
4967	32
4968	30
4969	33
4970	21
4971	23
4972	26
4973	16
4974	25
4975	22
4976	14
4977	26
4978	20
4979	16
4980	23
4981	23
4982	24
4983	18
4984	22
4985	21
4986	25
4987	30
4988	21
4989	23
4990	24
4991	29
4992	22
4993	21
4994	21
4995	19
4996	21
4997	24
4998	23
4999	28
5000	22
5001	23
5002	22
5003	22
5004	22
5005	23
5006	23
5007	26
5008	21
5009	27
5010	27
5011	18
5012	22
5013	26
5014	22
5015	26
5016	23
5017	31
5018	30
5019	20
5020	29
5021	25
5022	18
5023	20
5024	29
5025	22
5026	27
5027	22
5028	19
5029	22
5030	21
5031	23
5032	28
5033	24
5034	30
5035	27
5036	23
5037	21
5038	18
5039	26
5040	21
5041	25
5042	14
5043	26
5044	31
5045	17
5046	25
5047	24
5048	21
5049	29
5050	22
5051	28
5052	16
5053	30
5054	23
5055	27
5056	28
5057	18
5058	25
5059	27
5060	29
5061	25
5062	21
5063	27
5064	30
5065	29
5066	21
5067	25
5068	23
5069	35
5070	26
5071	32
5072	31
5073	26
5074	26
5075	28
5076	25
5077	28
5078	25
5079	27
5080	29
5081	26
5082	25
5083	16
5084	25
5085	32
5086	24
5087	22
5088	22
5089	23
5090	28
5091	22
5092	28
5093	24
5094	24
5095	22
5096	24
5097	28
5098	26
5099	18
5100	29
5101	21
5102	23
5103	29
5104	25
5105	24
5106	35
5107	24
5108	29
5109	20
5110	24
5111	24
5112	28
5113	27
5114	19
5115	26
5116	29
5117	27
5118	34
5119	22
5120	25
5121	26
5122	24
5123	18
5124	17
5125	24
5126	23
5127	26
5128	29
5129	23
5130	25
5131	14
5132	21
5133	30
5134	21
5135	28
5136	25
5137	25
5138	23
5139	30
5140	31
5141	28
5142	28
5143	28
5144	25
5145	32
5146	23
5147	30
5148	28
5149	23
5150	23
5151	26
5152	31
5153	30
5154	21
5155	22
5156	32
5157	24
5158	19
5159	23
5160	21
5161	30
5162	20
5163	24
5164	22
5165	29
5166	24
5167	26
5168	30
5169	32
5170	27
5171	28
5172	31
5173	31
5174	27
5175	23
5176	21
5177	22
5178	29
5179	32
5180	28
5181	25
5182	19
5183	26
5184	31
5185	34
5186	29
5187	29
5188	27
5189	29
5190	28
5191	24
5192	28
5193	21
5194	23
5195	25
5196	32
5197	27
5198	28
5199	28
5200	34
5201	28
5202	30
5203	31
5204	36
5205	24
5206	28
5207	33
5208	32
5209	25
5210	26
5211	26
5212	34
5213	29
5214	30
5215	25
5216	30
5217	32
5218	29
5219	38
5220	29
5221	24
5222	29
5223	20
5224	29
5225	28
5226	26
5227	27
5228	25
5229	23
5230	26
5231	23
5232	26
5233	30
5234	23
5235	28
5236	31
5237	19
5238	26
5239	30
5240	23
5241	26
5242	23
5243	28
5244	25
5245	29
5246	37
5247	29
5248	20
5249	23
5250	23
5251	26
5252	31
5253	24
5254	26
5255	21
5256	22
5257	27
5258	24
5259	17
5260	34
5261	25
5262	20
5263	24
5264	22
5265	22
5266	21
5267	25
5268	23
5269	31
5270	25
5271	29
5272	26
5273	27
5274	34
5275	29
5276	27
5277	25
5278	31
5279	30
5280	31
5281	29
5282	31
5283	32
5284	24
5285	25
5286	19
5287	19
5288	29
5289	32
5290	27
5291	31
5292	20
5293	26
5294	24
5295	25
5296	22
5297	17
5298	25
5299	23
5300	28
5301	31
5302	29
5303	22
5304	19
5305	23
5306	32
5307	25
5308	23
5309	30
5310	23
5311	23
5312	22
5313	27
5314	26
5315	27
5316	33
5317	29
5318	32
5319	24
5320	19
5321	26
5322	30
5323	31
5324	27
5325	25
5326	29
5327	19
5328	30
5329	23
5330	24
5331	25
5332	23
5333	24
5334	29
5335	29
5336	32
5337	28
5338	23
5339	26
5340	22
5341	24
5342	18
5343	23
5344	27
5345	22
5346	21
5347	27
5348	22
5349	19
5350	24
5351	21
5352	28
5353	22
5354	26
5355	26
5356	18
5357	24
5358	29
5359	20
5360	23
5361	26
5362	24
5363	30
5364	29
5365	24
5366	26
5367	22
5368	25
5369	27
5370	23
5371	26
5372	23
5373	35
5374	22
5375	20
5376	26
5377	19
5378	24
5379	26
5380	23
5381	26
5382	21
5383	26
5384	26
5385	20
5386	21
5387	31
5388	30
5389	28
5390	24
5391	23
5392	25
5393	24
5394	24
5395	27
5396	19
5397	22
5398	25
5399	21
5400	20
5401	22
5402	17
5403	17
5404	21
5405	24
5406	20
5407	22
5408	21
5409	18
5410	23
5411	27
5412	18
5413	20
5414	18
5415	19
5416	23
5417	24
5418	29
5419	29
5420	25
5421	26
5422	25
5423	23
5424	17
5425	19
5426	26
5427	24
5428	22
5429	26
5430	23
5431	30
5432	23
5433	27
5434	28
5435	22
5436	27
5437	23
5438	28
5439	31
5440	31
5441	27
5442	20
5443	25
5444	29
5445	19
5446	33
5447	25
5448	27
5449	25
5450	23
5451	23
5452	27
5453	28
5454	27
5455	30
5456	30
5457	21
5458	30
5459	27
5460	23
5461	22
5462	24
5463	26
5464	27
5465	31
5466	28
5467	27
5468	20
5469	25
5470	26
5471	28
5472	25
5473	25
5474	27
5475	23
5476	26
5477	26
5478	39
5479	33
5480	23
5481	29
5482	24
5483	26
5484	31
5485	27
5486	25
5487	27
5488	27
5489	28
5490	18
5491	26
5492	28
5493	25
5494	22
5495	27
5496	23
5497	25
5498	28
5499	23
5500	22
