frame	intra_count
0	38
1	37
2	31
3	42
4	31
5	45
6	42
7	43
8	36
9	40
10	44
11	41
12	41
13	43
14	40
15	40
16	39
17	33
18	37
19	31
20	38
21	44
22	33
23	37
24	38
25	34
26	31
27	32
28	27
29	23
30	33
31	35
32	37
33	46
34	30
35	33
36	34
37	41
38	36
39	34
40	35
41	43
42	46
43	36
44	33
45	33
46	38
47	41
48	38
49	36
50	35
51	40
52	36
53	35
54	33
55	27
56	34
57	33
58	35
59	27
60	31
61	32
62	31
63	35
64	32
65	30
66	23
67	26
68	36
69	22
70	26
71	28
72	28
73	27
74	30
75	27
76	26
77	28
78	35
79	24
80	25
81	27
82	20
83	20
84	29
85	27
86	31
87	31
88	38
89	34
90	33
91	27
92	33
93	24
94	34
95	34
96	39
97	43
98	34
99	31
100	35
101	26
102	37
103	32
104	34
105	33
106	39
107	34
108	39
109	35
110	33
111	32
112	36
113	30
114	34
115	36
116	41
117	36
118	39
119	33
120	42
121	41
122	32
123	29
124	33
125	33
126	39
127	37
128	32
129	37
130	31
131	41
132	31
133	43
134	38
135	34
136	28
137	39
138	37
139	36
140	30
141	35
142	29
143	33
144	26
145	29
146	32
147	36
148	32
149	31
150	40
151	38
152	30
153	30
154	31
155	30
156	32
157	33
158	40
159	31
160	32
161	41
162	38
163	35
164	34
165	35
166	39
167	34
168	43
169	29
170	41
171	27
172	42
173	38
174	37
175	40
176	42
177	34
178	35
179	46
180	40
181	39
182	36
183	30
184	29
185	43
186	40
187	40
188	37
189	37
190	31
191	32
192	38
193	28
194	43
195	32
196	40
197	42
198	32
199	41
200	36
201	33
202	26
203	31
204	38
205	27
206	29
207	25
208	27
209	24
210	31
211	28
212	30
213	34
214	31
215	30
216	28
217	43
218	38
219	28
220	27
221	32
222	33
223	33
224	32
225	31
226	32
227	29
228	26
229	30
230	25
231	32
232	29
233	30
234	28
235	32
236	34
237	33
238	30
239	28
240	26
241	36
242	28
243	35
244	27
245	24
246	35
247	37
248	37
249	38
250	42
251	34
252	39
253	27
254	30
255	34
256	34
257	37
258	29
259	32
260	30
261	29
262	30
263	31
264	35
265	28
266	29
267	28
268	35
269	36
270	34
271	25
272	33
273	29
274	36
275	31
276	30
277	27
278	30
279	23
280	17
281	31
282	25
283	33
284	26
285	26
286	25
287	26
288	33
289	38
290	30
291	30
292	30
293	31
294	24
295	28
296	24
297	29
298	31
299	26
300	31
301	24
302	27
303	22
304	30
305	31
306	30
307	34
308	29
309	33
310	23
311	27
312	25
313	30
314	31
315	28
316	26
317	26
318	31
319	30
320	28
321	38
322	32
323	41
324	38
325	38
326	33
327	30
328	36
329	36
330	34
331	33
332	32
333	39
334	40
335	30
336	37
337	36
338	31
339	28
340	28
341	34
342	34
343	34
344	36
345	32
346	33
347	35
348	35
349	34
350	39
351	29
352	38
353	36
354	42
355	40
356	34
357	29
358	29
359	37
360	33
361	33
362	28
363	27
364	31
365	39
366	30
367	30
368	31
369	34
370	32
371	38
372	32
373	32
374	39
375	31
376	36
377	42
378	35
379	31
380	37
381	33
382	38
383	47
384	34
385	39
386	32
387	32
388	38
389	36
390	36
391	32
392	29
393	40
394	35
395	34
396	38
397	39
398	37
399	36
400	31
401	41
402	33
403	35
404	32
405	36
406	33
407	26
408	33
409	31
410	35
411	29
412	29
413	33
414	32
415	39
416	35
417	29
418	25
419	30
420	33
421	35
422	35
423	33
424	36
425	34
426	29
427	36
428	34
429	29
430	35
431	33
432	32
433	30
434	30
435	26
436	39
437	27
438	27
439	39
440	33
441	32
442	29
443	31
444	26
445	31
446	34
447	31
448	31
449	28
450	24
451	26
452	37
453	35
454	36
455	31
456	40
457	38
458	37
459	38
460	38
461	30
462	39
463	31
464	33
465	35
466	31
467	32
468	31
469	33
470	36
471	39
472	33
473	33
474	36
475	29
476	48
477	44
478	40
479	28
480	34
481	26
482	41
483	31
484	27
485	24
486	41
487	37
488	35
489	33
490	36
491	41
492	35
493	36
494	42
495	46
496	40
497	40
498	38
499	38
500	45
501	45
502	49
503	43
504	36
505	36
506	46
507	39
508	29
509	42
510	36
511	37
512	32
513	37
514	36
515	27
516	42
517	43
518	37
519	39
520	44
521	45
522	38
523	30
524	39
525	35
526	34
527	39
528	47
529	40
530	32
531	35
532	43
533	42
534	38
535	37
536	35
537	39
538	38
539	36
540	30
541	26
542	26
543	38
544	28
545	40
546	37
547	34
548	44
549	42
550	41
551	49
552	36
553	39
554	33
555	41
556	38
557	40
558	44
559	42
560	49
561	33
562	43
563	40
564	51
565	31
566	37
567	44
568	44
569	37
570	42
571	40
572	38
573	45
574	49
575	47
576	42
577	43
578	44
579	43
580	42
581	44
582	43
583	36
584	51
585	46
586	48
587	46
588	43
589	50
590	42
591	45
592	43
593	50
594	43
595	41
596	42
597	45
598	33
599	35
600	44
601	36
602	38
603	43
604	38
605	36
606	41
607	37
608	30
609	36
610	37
611	36
612	32
613	41
614	45
615	34
616	38
617	39
618	37
619	40
620	36
621	36
622	38
623	44
624	41
625	35
626	34
627	48
628	47
629	34
630	42
631	36
632	44
633	36
634	40
635	43
636	40
637	39
638	44
639	45
640	32
641	31
642	33
643	34
644	38
645	36
646	33
647	36
648	41
649	46
650	42
651	40
652	38
653	35
654	42
655	36
656	34
657	38
658	41
659	44
660	36
661	37
662	37
663	41
664	36
665	33
666	37
667	48
668	39
669	29
670	41
671	37
672	39
673	34
674	40
675	38
676	31
677	35
678	31
679	41
680	34
681	38
682	35
683	40
684	41
685	37
686	46
687	42
688	37
689	36
690	42
691	31
692	41
693	36
694	36
695	37
696	39
697	46
698	40
699	48
700	31
701	39
702	33
703	28
704	40
705	33
706	36
707	32
708	40
709	34
710	46
711	38
712	40
713	35
714	52
715	31
716	36
717	33
718	40
719	40
720	35
721	39
722	40
723	40
724	38
725	38
726	39
727	31
728	32
729	37
730	39
731	36
732	39
733	29
734	33
735	40
736	26
737	33
738	44
739	32
740	38
741	37
742	44
743	38
744	41
745	35
746	39
747	33
748	42
749	42
750	41
751	29
752	33
753	32
754	34
755	29
756	38
757	31
758	37
759	35
760	33
761	32
762	27
763	30
764	38
765	32
766	32
767	40
768	36
769	40
770	30
771	32
772	47
773	35
774	44
775	36
776	33
777	38
778	35
779	41
780	37
781	36
782	43
783	37
784	46
785	39
786	33
787	40
788	26
789	27
790	35
791	35
792	39
793	40
794	33
795	35
796	36
797	35
798	34
799	30
800	26
801	37
802	31
803	37
804	38
805	32
806	38
807	28
808	40
809	33
810	31
811	27
812	33
813	32
814	28
815	37
816	37
817	33
818	41
819	33
820	41
821	38
822	31
823	33
824	38
825	26
826	35
827	29
828	32
829	35
830	34
831	35
832	34
833	43
834	37
835	35
836	37
837	31
838	35
839	30
840	36
841	34
842	40
843	41
844	39
845	38
846	30
847	40
848	34
849	35
850	30
851	38
852	38
853	37
854	29
855	32
856	33
857	38
858	38
859	43
860	38
861	32
862	41
863	37
864	33
865	39
866	37
867	37
868	41
869	41
870	42
871	36
872	35
873	34
874	36
875	39
876	40
877	41
878	37
879	30
880	37
881	27
882	37
883	34
884	37
885	40
886	31
887	34
888	31
889	34
890	39
891	38
892	39
893	42
894	35
895	39
896	41
897	45
898	44
899	43
900	33
901	38
902	39
903	36
904	38
905	37
906	32
907	41
908	31
909	31
910	35
911	29
912	38
913	32
914	36
915	33
916	35
917	42
918	42
919	34
920	31
921	34
922	34
923	33
924	41
925	31
926	34
927	32
928	33
929	46
930	28
931	30
932	30
933	33
934	32
935	42
936	32
937	36
938	37
939	40
940	34
941	38
942	38
943	39
944	38
945	42
946	34
947	42
948	28
949	31
950	39
951	45
952	38
953	39
954	33
955	36
956	33
957	34
958	32
959	38
960	33
961	41
962	32
963	38
964	42
965	38
966	35
967	37
968	35
969	39
970	36
971	34
972	37
973	38
974	31
975	44
976	40
977	36
978	37
979	40
980	30
981	33
982	42
983	31
984	36
985	33
986	34
987	38
988	42
989	41
990	39
991	43
992	42
993	39
994	35
995	37
996	41
997	33
998	42
999	29
1000	39
1001	39
1002	45
1003	40
1004	37
1005	41
1006	43
1007	39
1008	37
1009	43
1010	37
1011	33
1012	49
1013	43
1014	42
1015	36
1016	35
1017	37
1018	24
1019	37
1020	42
1021	47
1022	31
1023	36
1024	47
1025	36
1026	41
1027	42
1028	35
1029	41
1030	39
1031	34
1032	37
1033	35
1034	40
1035	35
1036	38
1037	36
1038	33
1039	34
1040	39
1041	40
1042	41
1043	42
1044	43
1045	51
1046	44
1047	42
1048	43
1049	39
1050	40
1051	33
1052	44
1053	42
1054	42
1055	32
1056	45
1057	34
1058	41
1059	38
1060	35
1061	43
1062	38
1063	38
1064	36
1065	41
1066	40
1067	38
1068	37
1069	34
1070	34
1071	45
1072	38
1073	43
1074	40
1075	49
1076	35
1077	39
1078	37
1079	44
1080	45
1081	48
1082	37
1083	42
1084	37
1085	41
1086	40
1087	34
1088	41
1089	34
1090	35
1091	35
1092	42
1093	37
1094	36
1095	39
1096	37
1097	32
1098	38
1099	39
1100	39
1101	33
1102	35
1103	34
1104	42
1105	41
1106	35
1107	36
1108	38
1109	32
1110	34
1111	38
1112	33
1113	38
1114	41
1115	40
1116	33
1117	35
1118	32
1119	43
1120	37
1121	37
1122	40
1123	36
1124	40
1125	33
1126	35
1127	37
1128	32
1129	39
1130	33
1131	30
1132	36
1133	46
1134	29
1135	44
1136	33
1137	35
1138	39
1139	36
1140	38
1141	42
1142	36
1143	40
1144	41
1145	33
1146	32
1147	40
1148	38
1149	42
1150	45
1151	39
1152	38
1153	28
1154	25
1155	38
1156	36
1157	32
1158	39
1159	36
1160	38
1161	37
1162	33
1163	42
1164	43
1165	34
1166	33
1167	31
1168	34
1169	40
1170	37
1171	38
1172	39
1173	42
1174	37
1175	35
1176	39
1177	37
1178	34
1179	28
1180	40
1181	28
1182	42
1183	39
1184	38
1185	46
1186	40
1187	37
1188	35
1189	35
1190	39
1191	43
1192	36
1193	41
1194	41
1195	37
1196	32
1197	35
1198	39
1199	33
1200	24
1201	35
1202	38
1203	34
1204	31
1205	42
1206	37
1207	30
1208	36
1209	38
1210	37
1211	46
1212	34
1213	39
1214	34
1215	36
1216	38
1217	37
1218	34
1219	33
1220	35
1221	37
1222	44
1223	34
1224	36
1225	32
1226	45
1227	45
1228	41
1229	38
1230	42
1231	37
1232	33
1233	51
1234	35
1235	36
1236	36
1237	42
1238	38
1239	35
1240	32
1241	40
1242	38
1243	44
1244	42
1245	43
1246	34
1247	39
1248	44
1249	49
1250	39
1251	36
1252	36
1253	31
1254	36
1255	31
1256	41
1257	38
1258	46
1259	45
1260	36
1261	39
1262	35
1263	46
1264	37
1265	48
1266	36
1267	40
1268	40
1269	43
1270	35
1271	43
1272	49
1273	37
1274	37
1275	31
1276	38
1277	43
1278	38
1279	36
1280	35
1281	38
1282	42
1283	34
1284	38
1285	33
1286	40
1287	43
1288	36
1289	35
1290	40
1291	30
1292	29
1293	32
1294	36
1295	30
1296	29
1297	38
1298	38
1299	31
1300	45
1301	36
1302	33
1303	53
1304	36
1305	33
1306	40
1307	27
1308	40
1309	38
1310	36
1311	41
1312	46
1313	38
1314	35
1315	36
1316	42
1317	34
1318	39
1319	41
1320	41
1321	46
1322	37
1323	35
1324	33
1325	45
1326	46
1327	42
1328	41
1329	49
1330	40
1331	43
1332	40
1333	40
1334	51
1335	33
1336	42
1337	33
1338	39
1339	36
1340	35
1341	37
1342	42
1343	43
1344	44
1345	41
1346	38
1347	38
1348	44
1349	40
1350	40
1351	41
1352	44
1353	42
1354	48
1355	40
1356	41
1357	43
1358	39
1359	42
1360	41
1361	36
1362	37
1363	46
1364	33
1365	36
1366	44
1367	43
1368	35
1369	35
1370	40
1371	35
1372	37
1373	41
1374	37
1375	33
1376	34
1377	41
1378	36
1379	40
1380	28
1381	33
1382	32
1383	29
1384	32
1385	34
1386	30
1387	27
1388	33
1389	31
1390	38
1391	41
1392	29
1393	32
1394	29
1395	29
1396	33
1397	34
1398	28
1399	28
1400	39
1401	32
1402	33
1403	35
1404	31
1405	37
1406	33
1407	28
1408	37
1409	36
1410	34
1411	36
1412	34
1413	32
1414	30
1415	33
1416	35
1417	34
1418	39
1419	36
1420	29
1421	31
1422	37
1423	27
1424	38
1425	39
1426	31
1427	33
1428	39
1429	27
1430	36
1431	38
1432	34
1433	45
1434	36
1435	27
1436	39
1437	35
1438	31
1439	36
1440	39
1441	34
1442	33
1443	44
1444	37
1445	37
1446	34
1447	39
1448	33
1449	38
1450	32
1451	29
1452	33
1453	38
1454	38
1455	40
1456	38
1457	26
1458	31
1459	38
1460	30
1461	27
1462	30
1463	37
1464	44
1465	35
1466	31
1467	37
1468	28
1469	32
1470	38
1471	32
1472	28
1473	27
1474	32
1475	35
1476	29
1477	30
1478	38
1479	33
1480	29
1481	48
1482	32
1483	31
1484	37
1485	34
1486	35
1487	29
1488	28
1489	30
1490	29
1491	24
1492	28
1493	30
1494	28
1495	33
1496	30
1497	32
1498	30
1499	32
1500	32
1501	28
1502	31
1503	34
1504	32
1505	31
1506	30
1507	33
1508	34
1509	37
1510	23
1511	32
1512	26
1513	25
1514	30
1515	39
1516	32
1517	35
1518	28
1519	39
1520	30
1521	30
1522	31
1523	30
1524	30
1525	29
1526	29
1527	38
1528	35
1529	33
1530	29
1531	40
1532	34
1533	37
1534	39
1535	35
1536	41
1537	35
1538	37
1539	31
1540	36
1541	41
1542	35
1543	26
1544	30
1545	30
1546	24
1547	36
1548	42
1549	33
1550	36
1551	31
1552	35
1553	37
1554	40
1555	33
1556	41
1557	33
1558	28
1559	37
1560	28
1561	35
1562	34
1563	32
1564	37
1565	28
1566	28
1567	31
1568	35
1569	34
1570	33
1571	33
1572	31
1573	31
1574	22
1575	40
1576	41
1577	39
1578	31
1579	33
1580	38
1581	42
1582	32
1583	37
1584	39
1585	38
1586	35
1587	28
1588	37
1589	39
1590	34
1591	35
1592	35
1593	38
1594	35
1595	33
1596	41
1597	37
1598	43
1599	39
1600	38
1601	38
1602	42
1603	35
1604	33
1605	38
1606	40
1607	33
1608	42
1609	35
1610	29
1611	34
1612	39
1613	33
1614	30
1615	38
1616	34
1617	35
1618	31
1619	30
1620	32
1621	36
1622	33
1623	28
1624	35
1625	31
1626	25
1627	39
1628	27
1629	35
1630	34
1631	31
1632	38
1633	39
1634	40
1635	43
1636	39
1637	31
1638	32
1639	39
1640	35
1641	37
1642	34
1643	35
1644	31
1645	28
1646	38
1647	31
1648	33
1649	30
1650	31
1651	26
1652	31
1653	31
1654	35
1655	35
1656	32
1657	33
1658	32
1659	32
1660	38
1661	35
1662	40
1663	32
1664	29
1665	38
1666	27
1667	37
1668	26
1669	32
1670	46
1671	33
1672	36
1673	36
1674	33
1675	32
1676	32
1677	30
1678	32
1679	24
1680	33
1681	36
1682	33
1683	39
1684	30
1685	37
1686	32
1687	29
1688	34
1689	36
1690	33
1691	32
1692	31
1693	39
1694	35
1695	36
1696	28
1697	38
1698	32
1699	40
1700	36
1701	41
1702	31
1703	33
1704	36
1705	34
1706	30
1707	25
1708	33
1709	35
1710	34
1711	33
1712	34
1713	34
1714	36
1715	32
1716	34
1717	39
1718	26
1719	32
1720	33
1721	39
1722	39
1723	34
1724	34
1725	36
1726	31
1727	34
1728	34
1729	39
1730	34
1731	34
1732	35
1733	31
1734	31
1735	34
1736	41
1737	37
1738	41
1739	32
1740	40
1741	32
1742	36
1743	38
1744	29
1745	31
1746	33
1747	36
1748	38
1749	40
1750	35
1751	33
1752	31
1753	29
1754	31
1755	36
1756	33
1757	43
1758	33
1759	33
1760	38
1761	32
1762	41
1763	33
1764	43
1765	36
1766	36
1767	38
1768	31
1769	34
1770	34
1771	41
1772	35
1773	37
1774	29
1775	36
1776	38
1777	39
1778	38
1779	29
1780	31
1781	30
1782	36
1783	36
1784	32
1785	30
1786	35
1787	33
1788	31
1789	35
1790	35
1791	38
1792	32
1793	36
1794	28
1795	33
1796	35
1797	25
1798	35
1799	30
1800	38
1801	34
1802	38
1803	38
1804	48
1805	36
1806	35
1807	32
1808	36
1809	31
1810	38
1811	30
1812	33
1813	34
1814	40
1815	37
1816	34
1817	33
1818	36
1819	36
1820	39
1821	34
1822	34
1823	36
1824	30
1825	38
1826	35
1827	36
1828	37
1829	31
1830	34
1831	36
1832	39
1833	36
1834	33
1835	32
1836	40
1837	32
1838	40
1839	43
1840	36
1841	39
1842	42
1843	32
1844	37
1845	42
1846	45
1847	48
1848	41
1849	32
1850	37
1851	33
1852	40
1853	31
1854	35
1855	37
1856	24
1857	36
1858	36
1859	30
1860	32
1861	30
1862	41
1863	30
1864	35
1865	27
1866	30
1867	35
1868	34
1869	38
1870	37
1871	36
1872	34
1873	34
1874	39
1875	38
1876	39
1877	33
1878	25
1879	40
1880	31
1881	37
1882	33
1883	35
1884	27
1885	37
1886	37
1887	42
1888	35
1889	33
1890	37
1891	37
1892	33
1893	35
1894	35
1895	40
1896	34
1897	42
1898	33
1899	33
1900	34
1901	40
1902	35
1903	46
1904	36
1905	30
1906	31
1907	34
1908	36
1909	36
1910	34
1911	32
1912	41
1913	33
1914	37
1915	35
1916	31
1917	26
1918	31
1919	36
1920	41
1921	33
1922	27
1923	27
1924	33
1925	35
1926	29
1927	29
1928	38
1929	35
1930	29
1931	40
1932	42
1933	39
1934	34
1935	33
1936	36
1937	38
1938	27
1939	32
1940	32
1941	36
1942	35
1943	32
1944	30
1945	37
1946	31
1947	33
1948	31
1949	31
1950	39
1951	30
1952	37
1953	34
1954	29
1955	31
1956	27
1957	34
1958	24
1959	31
1960	29
1961	38
1962	34
1963	34
1964	30
1965	35
1966	33
1967	38
1968	40
1969	32
1970	36
1971	33
1972	41
1973	33
1974	36
1975	26
1976	31
1977	41
1978	46
1979	36
1980	36
1981	38
1982	37
1983	37
1984	33
1985	36
1986	29
1987	34
1988	39
1989	26
1990	27
1991	29
1992	32
1993	33
1994	35
1995	33
1996	31
1997	32
1998	28
1999	30
2000	22
2001	27
2002	29
2003	32
2004	35
2005	39
2006	35
2007	26
2008	37
2009	31
2010	23
2011	31
2012	32
2013	27
2014	25
2015	28
2016	31
2017	28
2018	30
2019	24
2020	27
2021	34
2022	28
2023	28
2024	29
2025	28
2026	32
2027	30
2028	23
2029	31
2030	26
2031	36
2032	29
2033	32
2034	25
2035	29
2036	27
2037	36
2038	30
2039	30
2040	23
2041	31
2042	30
2043	32
2044	29
2045	29
2046	31
2047	30
2048	33
2049	38
2050	33
2051	29
2052	32
2053	32
2054	40
2055	31
2056	33
2057	39
2058	39
2059	34
2060	42
2061	29
2062	33
2063	38
2064	26
2065	32
2066	34
2067	33
2068	24
2069	29
2070	36
2071	32
2072	28
2073	31
2074	27
2075	33
2076	23
2077	39
2078	35
2079	28
2080	32
2081	36
2082	37
2083	31
2084	28
2085	35
2086	22
2087	35
2088	40
2089	30
2090	37
2091	37
2092	34
2093	26
2094	32
2095	31
2096	30
2097	29
2098	38
2099	37
2100	30
2101	35
2102	32
2103	23
2104	30
2105	33
2106	34
2107	30
2108	29
2109	32
2110	28
2111	30
2112	29
2113	26
2114	21
2115	33
2116	23
2117	28
2118	32
2119	35
2120	29
2121	26
2122	29
2123	33
2124	22
2125	26
2126	29
2127	31
2128	28
2129	31
2130	33
2131	34
2132	28
2133	33
2134	30
2135	31
2136	32
2137	32
2138	36
2139	33
2140	29
2141	22
2142	28
2143	30
2144	24
2145	28
2146	27
2147	35
2148	24
2149	34
2150	33
2151	26
2152	24
2153	28
2154	27
2155	25
2156	23
2157	22
2158	30
2159	32
2160	20
2161	28
2162	25
2163	32
2164	29
2165	29
2166	25
2167	25
2168	33
2169	28
2170	27
2171	27
2172	30
2173	29
2174	33
2175	26
2176	26
2177	27
2178	25
2179	32
2180	33
2181	29
2182	23
2183	31
2184	26
2185	31
2186	35
2187	21
2188	32
2189	33
2190	28
2191	30
2192	28
2193	31
2194	31
2195	26
2196	28
2197	29
2198	34
2199	39
2200	33
2201	35
2202	34
2203	46
2204	34
2205	26
2206	40
2207	31
2208	28
2209	40
2210	37
2211	27
2212	30
2213	28
2214	30
2215	29
2216	26
2217	35
2218	34
2219	25
2220	28
2221	23
2222	33
2223	34
2224	30
2225	26
2226	29
2227	33
2228	29
2229	28
2230	26
2231	32
2232	34
2233	25
2234	33
2235	27
2236	31
2237	34
2238	27
2239	35
2240	34
2241	32
2242	32
2243	40
2244	37
2245	35
2246	31
2247	36
2248	47
2249	31
2250	35
2251	35
2252	42
2253	31
2254	35
2255	32
2256	27
2257	30
2258	30
2259	38
2260	35
2261	34
2262	36
2263	37
2264	35
2265	23
2266	32
2267	30
2268	29
2269	40
2270	31
2271	29
2272	34
2273	34
2274	34
2275	42
2276	31
2277	39
2278	34
2279	43
2280	38
2281	28
2282	35
2283	28
2284	37
2285	40
2286	37
2287	35
2288	28
2289	33
2290	34
2291	33
2292	38
2293	32
2294	36
2295	35
2296	40
2297	36
2298	39
2299	41
2300	33
2301	36
2302	43
2303	45
2304	38
2305	38
2306	39
2307	35
2308	43
2309	44
2310	38
2311	40
2312	41
2313	26
2314	31
2315	31
2316	36
2317	33
2318	38
2319	34
2320	30
2321	33
2322	34
2323	22
2324	34
2325	29
2326	43
2327	32
2328	38
2329	31
2330	40
2331	28
2332	38
2333	32
2334	29
2335	36
2336	26
2337	40
2338	25
2339	36
2340	31
2341	39
2342	39
2343	37
2344	40
2345	32
2346	30
2347	36
2348	30
2349	26
2350	29
2351	32
2352	39
2353	32
2354	26
2355	37
2356	31
2357	35
2358	31
2359	32
2360	40
2361	38
2362	36
2363	37
2364	32
2365	34
2366	30
2367	38
2368	34
2369	36
2370	38
2371	27
2372	34
2373	30
2374	38
2375	26
2376	28
2377	37
2378	35
2379	34
2380	33
2381	36
2382	35
2383	31
2384	29
2385	39
2386	34
2387	30
2388	30
2389	25
2390	33
2391	38
2392	31
2393	30
2394	27
2395	31
2396	34
2397	36
2398	39
2399	33
2400	31
2401	29
2402	40
2403	34
2404	33
2405	36
2406	36
2407	39
2408	37
2409	39
2410	35
2411	47
2412	31
2413	43
2414	37
2415	42
2416	35
2417	37
2418	38
2419	31
2420	32
2421	33
2422	33
2423	32
2424	32
2425	35
2426	30
2427	38
2428	39
2429	35
2430	33
2431	36
2432	29
2433	33
2434	39
2435	36
2436	35
2437	25
2438	29
2439	30
2440	25
2441	29
2442	24
2443	39
2444	39
2445	34
2446	35
2447	32
2448	36
2449	33
2450	33
2451	33
2452	30
2453	37
2454	31
2455	32
2456	39
2457	42
2458	34
2459	30
2460	32
2461	41
2462	34
2463	38
2464	39
2465	37
2466	38
2467	31
2468	31
2469	29
2470	35
2471	34
2472	29
2473	32
2474	35
2475	37
2476	38
2477	37
2478	40
2479	31
2480	37
2481	33
2482	33
2483	37
2484	33
2485	33
2486	39
2487	29
2488	31
2489	36
2490	27
2491	34
2492	39
2493	44
2494	40
2495	35
2496	35
2497	33
2498	35
2499	33
2500	32
2501	43
2502	37
2503	37
2504	37
2505	31
2506	36
2507	41
2508	38
2509	30
2510	39
2511	32
2512	34
2513	33
2514	35
2515	34
2516	41
2517	33
2518	30
2519	41
2520	34
2521	35
2522	35
2523	35
2524	28
2525	37
2526	36
2527	37
2528	39
2529	38
2530	29
2531	32
2532	44
2533	38
2534	36
2535	38
2536	44
2537	34
2538	38
2539	38
2540	31
2541	37
2542	34
2543	31
2544	36
2545	44
2546	40
2547	36
2548	28
2549	37
2550	34
2551	41
2552	33
2553	37
2554	37
2555	43
2556	37
2557	32
2558	33
2559	42
2560	37
2561	37
2562	34
2563	35
2564	39
2565	33
2566	40
2567	39
2568	32
2569	36
2570	33
2571	38
2572	38
2573	34
2574	35
2575	42
2576	35
2577	32
2578	26
2579	43
2580	36
2581	27
2582	35
2583	36
2584	37
2585	30
2586	39
2587	40
2588	34
2589	38
2590	44
2591	40
2592	40
2593	32
2594	34
2595	36
2596	38
2597	37
2598	32
2599	32
2600	34
2601	27
2602	42
2603	48
2604	38
2605	31
2606	31
2607	39
2608	36
2609	40
2610	42
2611	35
2612	37
2613	33
2614	35
2615	40
2616	33
2617	27
2618	36
2619	47
2620	42
2621	34
2622	34
2623	37
2624	30
2625	42
2626	34
2627	38
2628	43
2629	37
2630	37
2631	43
2632	37
2633	37
2634	38
2635	40
2636	36
2637	39
2638	37
2639	40
2640	38
2641	33
2642	31
2643	37
2644	44
2645	38
2646	35
2647	39
2648	43
2649	25
2650	38
2651	34
2652	34
2653	30
2654	30
2655	33
2656	32
2657	36
2658	35
2659	33
2660	27
2661	37
2662	25
2663	27
2664	35
2665	34
2666	35
2667	35
2668	35
2669	28
2670	36
2671	39
2672	35
2673	32
2674	24
2675	25
2676	32
2677	31
2678	30
2679	31
2680	29
2681	25
2682	33
2683	23
2684	33
2685	29
2686	26
2687	27
2688	35
2689	36
2690	27
2691	34
2692	35
2693	36
2694	40
2695	28
2696	31
2697	28
2698	40
2699	30
2700	31
2701	28
2702	35
2703	38
2704	33
2705	35
2706	40
2707	30
2708	39
2709	33
2710	36
2711	27
2712	31
2713	30
2714	29
2715	32
2716	23
2717	30
2718	32
2719	33
2720	34
2721	35
2722	28
2723	31
2724	33
2725	36
2726	30
2727	25
2728	37
2729	29
2730	30
2731	31
2732	32
2733	26
2734	27
2735	33
2736	26
2737	36
2738	35
2739	36
2740	28
2741	35
2742	30
2743	33
2744	28
2745	36
2746	42
2747	41
2748	24
2749	43
2750	31
2751	37
2752	31
2753	36
2754	32
2755	28
2756	35
2757	31
2758	38
2759	30
2760	35
2761	29
2762	26
2763	33
2764	33
2765	28
2766	28
2767	35
2768	28
2769	34
2770	28
2771	37
2772	34
2773	33
2774	32
2775	39
2776	30
2777	31
2778	29
2779	33
2780	32
2781	29
2782	36
2783	32
2784	28
2785	35
2786	32
2787	33
2788	38
2789	24
2790	36
2791	30
2792	33
2793	31
2794	30
2795	29
2796	33
2797	32
2798	29
2799	28
2800	25
2801	33
2802	40
2803	40
2804	27
2805	37
2806	38
2807	32
2808	32
2809	30
2810	25
2811	36
2812	33
2813	36
2814	25
2815	25
2816	34
2817	34
2818	35
2819	35
2820	31
2821	28
2822	31
2823	26
2824	27
2825	34
2826	33
2827	41
2828	33
2829	30
2830	33
2831	35
2832	31
2833	26
2834	26
2835	33
2836	34
2837	33
2838	31
2839	34
2840	31
2841	34
2842	38
2843	34
2844	35
2845	34
2846	26
2847	34
2848	31
2849	25
2850	31
2851	32
2852	33
2853	30
2854	31
2855	34
2856	36
2857	25
2858	30
2859	29
2860	30
2861	33
2862	29
2863	26
2864	26
2865	27
2866	32
2867	23
2868	34
2869	29
2870	33
2871	33
2872	36
2873	33
2874	33
2875	26
2876	29
2877	21
2878	28
2879	29
2880	25
2881	18
2882	34
2883	33
2884	30
2885	33
2886	26
2887	25
2888	36
2889	28
2890	26
2891	29
2892	24
2893	28
2894	29
2895	23
2896	24
2897	24
2898	31
2899	25
2900	31
2901	23
2902	33
2903	28
2904	32
2905	28
2906	31
2907	32
2908	32
2909	27
2910	26
2911	29
2912	32
2913	33
2914	29
2915	35
2916	30
2917	32
2918	29
2919	32
2920	29
2921	30
2922	29
2923	24
2924	21
2925	24
2926	31
2927	32
2928	34
2929	36
2930	32
2931	26
2932	33
2933	21
2934	30
2935	32
2936	30
2937	33
2938	37
2939	30
2940	30
2941	27
2942	27
2943	30
2944	37
2945	30
2946	35
2947	31
2948	34
2949	40
2950	34
2951	30
2952	34
2953	32
2954	25
2955	28
2956	27
2957	26
2958	21
2959	27
2960	30
2961	34
2962	25
2963	24
2964	30
2965	33
2966	29
2967	25
2968	36
2969	21
2970	22
2971	32
2972	30
2973	25
2974	23
2975	28
2976	24
2977	26
2978	30
2979	25
2980	31
2981	37
2982	31
2983	31
2984	30
2985	29
2986	27
2987	26
2988	29
2989	32
2990	25
2991	30
2992	25
2993	36
2994	34
2995	30
2996	33
2997	31
2998	23
2999	30
3000	30
3001	32
3002	34
3003	30
3004	37
3005	26
3006	33
3007	38
3008	32
3009	38
3010	31
3011	32
3012	28
3013	30
3014	30
3015	35
3016	31
3017	29
3018	29
3019	31
3020	23
3021	28
3022	28
3023	30
3024	24
3025	25
3026	23
3027	32
3028	29
3029	33
3030	40
3031	33
3032	32
3033	35
3034	34
3035	29
3036	27
3037	35
3038	31
3039	32
3040	31
3041	35
3042	36
3043	33
3044	34
3045	36
3046	33
3047	33
3048	28
3049	40
3050	34
3051	36
3052	33
3053	39
3054	37
3055	34
3056	38
3057	33
3058	37
3059	42
3060	31
3061	38
3062	38
3063	31
3064	39
3065	40
3066	40
3067	30
3068	33
3069	34
3070	42
3071	36
3072	37
3073	30
3074	34
3075	44
3076	32
3077	34
3078	31
3079	34
3080	30
3081	36
3082	33
3083	26
3084	38
3085	37
3086	35
3087	37
3088	41
3089	36
3090	33
3091	41
3092	42
3093	32
3094	33
3095	30
3096	38
3097	33
3098	35
3099	37
3100	35
3101	44
3102	35
3103	39
3104	35
3105	33
3106	31
3107	38
3108	34
3109	39
3110	34
3111	34
3112	31
3113	37
3114	32
3115	38
3116	41
3117	29
3118	33
3119	34
3120	46
3121	30
3122	35
3123	31
3124	35
3125	31
3126	40
3127	34
3128	35
3129	30
3130	36
3131	31
3132	34
3133	42
3134	37
3135	30
3136	36
3137	31
3138	42
3139	34
3140	36
3141	44
3142	43
3143	38
3144	38
3145	40
3146	34
3147	38
3148	36
3149	39
3150	30
3151	20
3152	30
3153	34
3154	32
3155	38
3156	41
3157	29
3158	36
3159	30
3160	38
3161	42
3162	45
3163	37
3164	37
3165	32
3166	38
3167	35
3168	37
3169	34
3170	32
3171	36
3172	36
3173	41
3174	37
3175	39
3176	34
3177	32
3178	32
3179	27
3180	40
3181	33
3182	34
3183	33
3184	41
3185	30
3186	40
3187	42
3188	31
3189	36
3190	25
3191	31
3192	35
3193	29
3194	42
3195	38
3196	36
3197	31
3198	31
3199	43
3200	32
3201	32
3202	33
3203	29
3204	32
3205	42
3206	34
3207	34
3208	36
3209	27
3210	31
3211	33
3212	35
3213	38
3214	31
3215	37
3216	39
3217	39
3218	36
3219	32
3220	39
3221	28
3222	33
3223	38
3224	28
3225	29
3226	34
3227	37
3228	37
3229	35
3230	43
3231	36
3232	34
3233	37
3234	31
3235	35
3236	42
3237	44
3238	37
3239	33
3240	39
3241	30
3242	25
3243	36
3244	36
3245	38
3246	31
3247	31
3248	34
3249	38
3250	32
3251	28
3252	29
3253	25
3254	36
3255	30
3256	31
3257	39
3258	34
3259	32
3260	40
3261	23
3262	33
3263	40
3264	33
3265	43
3266	28
3267	32
3268	37
3269	32
3270	35
3271	38
3272	32
3273	29
3274	31
3275	28
3276	32
3277	33
3278	31
3279	39
3280	36
3281	36
3282	36
3283	34
3284	28
3285	38
3286	30
3287	33
3288	30
3289	41
3290	28
3291	31
3292	35
3293	39
3294	31
3295	35
3296	32
3297	26
3298	27
3299	31
3300	24
3301	30
3302	29
3303	30
3304	25
3305	29
3306	25
3307	36
3308	29
3309	28
3310	37
3311	36
3312	39
3313	40
3314	35
3315	28
3316	34
3317	27
3318	40
3319	37
3320	37
3321	37
3322	35
3323	39
3324	41
3325	37
3326	41
3327	34
3328	31
3329	27
3330	40
3331	35
3332	39
3333	32
3334	33
3335	28
3336	31
3337	31
3338	35
3339	30
3340	29
3341	38
3342	31
3343	47
3344	38
3345	35
3346	39
3347	36
3348	35
3349	39
3350	37
3351	38
3352	43
3353	37
3354	37
3355	27
3356	34
3357	30
3358	38
3359	29
3360	28
3361	26
3362	38
3363	35
3364	32
3365	31
3366	27
3367	33
3368	26
3369	30
3370	29
3371	30
3372	31
3373	28
3374	33
3375	24
3376	32
3377	30
3378	27
3379	27
3380	32
3381	26
3382	41
3383	37
3384	34
3385	31
3386	35
3387	35
3388	31
3389	31
3390	28
3391	31
3392	42
3393	39
3394	31
3395	39
3396	22
3397	31
3398	34
3399	38
3400	37
3401	34
3402	37
3403	30
3404	37
3405	33
3406	31
3407	46
3408	40
3409	41
3410	36
3411	32
3412	30
3413	23
3414	28
3415	29
3416	33
3417	31
3418	24
3419	26
3420	35
3421	30
3422	28
3423	34
3424	33
3425	28
3426	38
3427	29
3428	34
3429	35
3430	33
3431	36
3432	39
3433	39
3434	34
3435	37
3436	36
3437	27
3438	36
3439	31
3440	35
3441	29
3442	30
3443	30
3444	34
3445	26
3446	34
3447	33
3448	33
3449	37
3450	27
3451	31
3452	34
3453	38
3454	45
3455	31
3456	39
3457	27
3458	37
3459	29
3460	32
3461	39
3462	28
3463	33
3464	34
3465	32
3466	37
3467	29
3468	30
3469	42
3470	23
3471	34
3472	42
3473	31
3474	33
3475	30
3476	20
3477	36
3478	31
3479	29
3480	23
3481	39
3482	31
3483	29
3484	39
3485	24
3486	23
3487	27
3488	36
3489	25
3490	28
3491	29
3492	28
3493	31
3494	30
3495	29
3496	28
3497	27
3498	29
3499	28
3500	32
3501	28
3502	34
3503	37
3504	36
3505	32
3506	37
3507	26
3508	28
3509	34
3510	22
3511	34
3512	35
3513	37
3514	25
3515	34
3516	26
3517	40
3518	32
3519	28
3520	31
3521	33
3522	31
3523	38
3524	33
3525	35
3526	34
3527	26
3528	32
3529	41
3530	33
3531	33
3532	29
3533	32
3534	28
3535	30
3536	30
3537	36
3538	33
3539	36
3540	36
3541	37
3542	37
3543	30
3544	28
3545	33
3546	39
3547	29
3548	30
3549	30
3550	37
3551	28
3552	32
3553	28
3554	36
3555	22
3556	36
3557	36
3558	24
3559	32
3560	28
3561	32
3562	30
3563	41
3564	27
3565	31
3566	32
3567	37
3568	26
3569	28
3570	25
3571	34
3572	31
3573	30
3574	33
3575	32
3576	31
3577	25
3578	23
3579	33
3580	29
3581	20
3582	27
3583	27
3584	23
3585	25
3586	19
3587	22
3588	28
3589	23
3590	30
3591	26
3592	37
3593	35
3594	29
3595	32
3596	25
3597	28
3598	34
3599	33
3600	23
3601	28
3602	32
3603	26
3604	30
3605	37
3606	36
3607	35
3608	25
3609	22
3610	20
3611	29
3612	29
3613	30
3614	30
3615	31
3616	33
3617	35
3618	28
3619	28
3620	25
3621	33
3622	35
3623	25
3624	34
3625	24
3626	26
3627	31
3628	24
3629	30
3630	24
3631	28
3632	26
3633	32
3634	28
3635	23
3636	28
3637	27
3638	22
3639	30
3640	28
3641	38
3642	28
3643	33
3644	27
3645	40
3646	32
3647	34
3648	33
3649	26
3650	31
3651	30
3652	27
3653	37
3654	24
3655	23
3656	31
3657	34
3658	38
3659	30
3660	33
3661	30
3662	35
3663	30
3664	28
3665	30
3666	31
3667	38
3668	38
3669	34
3670	29
3671	38
3672	17
3673	39
3674	28
3675	33
3676	24
3677	28
3678	31
3679	27
3680	32
3681	21
3682	32
3683	32
3684	33
3685	32
3686	28
3687	38
3688	28
3689	34
3690	37
3691	32
3692	26
3693	34
3694	31
3695	24
3696	36
3697	33
3698	31
3699	21
3700	21
3701	28
3702	31
3703	23
3704	33
3705	21
3706	26
3707	28
3708	29
3709	32
3710	28
3711	20
3712	27
3713	36
3714	26
3715	28
3716	27
3717	31
3718	26
3719	26
3720	31
3721	30
3722	26
3723	32
3724	29
3725	26
3726	24
3727	32
3728	28
3729	31
3730	29
3731	28
3732	23
3733	24
3734	33
3735	28
3736	27
3737	32
3738	25
3739	25
3740	30
3741	22
3742	27
3743	29
3744	29
3745	28
3746	30
3747	27
3748	31
3749	26
3750	30
3751	27
3752	33
3753	32
3754	27
3755	28
3756	24
3757	28
3758	29
3759	32
3760	31
3761	20
3762	31
3763	35
3764	31
3765	25
3766	26
3767	27
3768	30
3769	27
3770	33
3771	27
3772	20
3773	34
3774	30
3775	32
3776	32
3777	29
3778	31
3779	30
3780	34
3781	33
3782	28
3783	33
3784	39
3785	38
3786	30
3787	21
3788	27
3789	27
3790	32
3791	28
3792	28
3793	24
3794	26
3795	25
3796	29
3797	32
3798	31
3799	33
3800	29
3801	24
3802	32
3803	25
3804	24
3805	32
3806	29
3807	23
3808	34
3809	26
3810	26
3811	35
3812	31
3813	29
3814	27
3815	32
3816	20
3817	25
3818	32
3819	31
3820	29
3821	29
3822	25
3823	30
3824	33
3825	32
3826	36
3827	29
3828	27
3829	27
3830	29
3831	29
3832	23
3833	27
3834	32
3835	28
3836	32
3837	35
3838	30
3839	23
3840	30
3841	32
3842	27
3843	28
3844	28
3845	25
3846	33
3847	30
3848	30
3849	36
3850	33
3851	32
3852	25
3853	39
3854	31
3855	29
3856	25
3857	26
3858	26
3859	30
3860	30
3861	23
3862	31
3863	24
3864	26
3865	19
3866	23
3867	32
3868	31
3869	25
3870	30
3871	20
3872	35
3873	28
3874	26
3875	24
3876	35
3877	28
3878	24
3879	31
3880	29
3881	34
3882	25
3883	29
3884	40
3885	30
3886	33
3887	36
3888	27
3889	22
3890	35
3891	28
3892	35
3893	37
3894	27
3895	30
3896	35
3897	26
3898	25
3899	30
3900	23
3901	29
3902	24
3903	26
3904	23
3905	32
3906	34
3907	34
3908	35
3909	33
3910	29
3911	34
3912	33
3913	31
3914	34
3915	33
3916	29
3917	28
3918	29
3919	28
3920	28
3921	45
3922	28
3923	32
3924	27
3925	31
3926	24
3927	29
3928	29
3929	27
3930	30
3931	37
3932	31
3933	26
3934	25
3935	29
3936	31
3937	32
3938	30
3939	29
3940	30
3941	30
3942	30
3943	31
3944	36
3945	29
3946	36
3947	31
3948	31
3949	31
3950	31
3951	34
3952	32
3953	39
3954	30
3955	30
3956	28
3957	30
3958	25
3959	40
3960	32
3961	31
3962	27
3963	27
3964	35
3965	29
3966	34
3967	30
3968	36
3969	28
3970	38
3971	37
3972	28
3973	37
3974	30
3975	42
3976	30
3977	38
3978	31
3979	35
3980	38
3981	35
3982	33
3983	37
3984	38
3985	31
3986	27
3987	25
3988	34
3989	29
3990	35
3991	34
3992	35
3993	32
3994	33
3995	35
3996	24
3997	21
3998	32
3999	29
4000	41
4001	31
4002	44
4003	31
4004	39
4005	31
4006	37
4007	29
4008	33
4009	38
4010	33
4011	29
4012	37
4013	33
4014	36
4015	41
4016	37
4017	37
4018	35
4019	32
4020	35
4021	39
4022	38
4023	35
4024	30
4025	38
4026	40
4027	37
4028	31
4029	33
4030	35
4031	35
4032	32
4033	31
4034	40
4035	37
4036	40
4037	36
4038	34
4039	27
4040	32
4041	36
4042	34
4043	39
4044	33
4045	28
4046	33
4047	33
4048	30
4049	37
4050	32
4051	37
4052	33
4053	36
4054	41
4055	42
4056	38
4057	27
4058	36
4059	36
4060	48
4061	41
4062	36
4063	36
4064	40
4065	41
4066	36
4067	34
4068	44
4069	40
4070	42
4071	39
4072	30
4073	37
4074	35
4075	36
4076	39
4077	29
4078	42
4079	34
4080	37
4081	42
4082	34
4083	39
4084	34
4085	35
4086	47
4087	26
4088	33
4089	46
4090	36
4091	37
4092	34
4093	36
4094	38
4095	42
4096	42
4097	31
4098	42
4099	35
4100	38
4101	43
4102	31
4103	37
4104	30
4105	39
4106	42
4107	39
4108	41
4109	27
4110	30
4111	29
4112	35
4113	39
4114	43
4115	33
4116	34
4117	32
4118	44
4119	42
4120	37
4121	35
4122	37
4123	35
4124	41
4125	45
4126	37
4127	39
4128	37
4129	40
4130	39
4131	36
4132	41
4133	46
4134	40
4135	40
4136	31
4137	37
4138	44
4139	46
4140	43
4141	34
4142	35
4143	42
4144	36
4145	37
4146	33
4147	28
4148	32
4149	34
4150	35
4151	32
4152	37
4153	29
4154	32
4155	32
4156	28
4157	39
4158	39
4159	35
4160	39
4161	30
4162	38
4163	34
4164	33
4165	36
4166	27
4167	43
4168	31
4169	46
4170	36
4171	42
4172	40
4173	43
4174	37
4175	48
4176	41
4177	47
4178	43
4179	43
4180	39
4181	39
4182	40
4183	51
4184	49
4185	40
4186	38
4187	40
4188	40
4189	48
4190	33
4191	28
4192	43
4193	40
4194	38
4195	39
4196	34
4197	35
4198	42
4199	43
4200	33
4201	41
4202	37
4203	44
4204	30
4205	33
4206	33
4207	43
4208	32
4209	39
4210	34
4211	36
4212	32
4213	30
4214	35
4215	42
4216	42
4217	36
4218	32
4219	37
4220	41
4221	33
4222	43
4223	41
4224	29
4225	33
4226	30
4227	40
4228	46
4229	37
4230	37
4231	35
4232	32
4233	39
4234	39
4235	38
4236	43
4237	40
4238	37
4239	39
4240	37
4241	39
4242	46
4243	46
4244	42
4245	41
4246	39
4247	30
4248	36
4249	40
4250	43
4251	39
4252	33
4253	40
4254	40
4255	44
4256	38
4257	30
4258	31
4259	39
4260	36
4261	46
4262	35
4263	37
4264	41
4265	43
4266	36
4267	39
4268	36
4269	31
4270	41
4271	41
4272	40
4273	34
4274	36
4275	42
4276	35
4277	29
4278	38
4279	38
4280	33
4281	30
4282	34
4283	36
4284	32
4285	37
4286	34
4287	44
4288	37
4289	34
4290	40
4291	35
4292	40
4293	32
4294	44
4295	35
4296	34
4297	35
4298	34
4299	40
4300	45
4301	30
4302	36
4303	32
4304	37
4305	39
4306	36
4307	34
4308	36
4309	40
4310	41
4311	29
4312	35
4313	31
4314	35
4315	36
4316	32
4317	37
4318	44
4319	36
4320	34
4321	30
4322	27
4323	24
4324	36
4325	28
4326	31
4327	41
4328	43
4329	36
4330	30
4331	42
4332	42
4333	36
4334	33
4335	32
4336	30
4337	37
4338	35
4339	36
4340	29
4341	35
4342	27
4343	28
4344	24
4345	31
4346	33
4347	35
4348	36
4349	33
4350	37
4351	34
4352	32
4353	33
4354	40
4355	26
4356	36
4357	42
4358	36
4359	34
4360	34
4361	32
4362	40
4363	37
4364	37
4365	37
4366	41
4367	37
4368	34
4369	36
4370	34
4371	38
4372	35
4373	35
4374	39
4375	28
4376	37
4377	38
4378	32
4379	44
4380	36
4381	51
4382	44
4383	42
4384	42
4385	44
4386	35
4387	34
4388	35
4389	34
4390	40
4391	32
4392	37
4393	45
4394	33
4395	42
4396	37
4397	30
4398	40
4399	37
4400	42
4401	39
4402	40
4403	41
4404	44
4405	36
4406	41
4407	37
4408	37
4409	28
4410	33
4411	42
4412	29
4413	43
4414	43
4415	32
4416	39
4417	43
4418	34
4419	48
4420	34
4421	44
4422	41
4423	32
4424	48
4425	43
4426	37
4427	32
4428	34
4429	36
4430	27
4431	32
4432	40
4433	41
4434	35
4435	30
4436	39
4437	39
4438	35
4439	38
4440	42
4441	34
4442	31
4443	37
4444	35
4445	38
4446	36
4447	34
4448	40
4449	35
4450	28
4451	34
4452	41
4453	38
4454	40
4455	35
4456	35
4457	36
4458	34
4459	33
4460	51
4461	39
4462	42
4463	36
4464	45
4465	41
4466	40
4467	37
4468	34
4469	38
4470	31
4471	41
4472	35
4473	34
4474	46
4475	33
4476	32
4477	37
4478	32
4479	39
4480	36
4481	30
4482	35
4483	31
4484	33
4485	34
4486	37
4487	34
4488	34
4489	27
4490	25
4491	33
4492	29
4493	26
4494	38
4495	27
4496	31
4497	29
4498	28
4499	32
4500	28
4501	32
4502	33
4503	38
4504	29
4505	31
4506	30
4507	32
4508	23
4509	35
4510	23
4511	35
4512	30
4513	38
4514	27
4515	27
4516	44
4517	37
4518	36
4519	29
4520	36
4521	29
4522	32
4523	28
4524	31
4525	30
4526	35
4527	28
4528	37
4529	34
4530	30
4531	32
4532	35
4533	35
4534	39
4535	38
4536	33
4537	36
4538	38
4539	42
4540	31
4541	41
4542	33
4543	33
4544	38
4545	39
4546	30
4547	42
4548	31
4549	35
4550	35
4551	37
4552	38
4553	45
4554	38
4555	38
4556	44
4557	36
4558	36
4559	41
4560	37
4561	39
4562	34
4563	36
4564	36
4565	35
4566	37
4567	38
4568	35
4569	33
4570	37
4571	40
4572	41
4573	36
4574	34
4575	36
4576	34
4577	41
4578	43
4579	44
4580	30
4581	34
4582	38
4583	38
4584	40
4585	38
4586	39
4587	38
4588	48
4589	37
4590	52
4591	42
4592	39
4593	41
4594	40
4595	38
4596	44
4597	36
4598	44
4599	40
4600	38
4601	41
4602	33
4603	40
4604	41
4605	36
4606	46
4607	41
4608	45
4609	44
4610	48
4611	42
4612	43
4613	48
4614	48
4615	48
4616	40
4617	49
4618	39
4619	38
4620	35
4621	34
4622	34
4623	41
4624	45
4625	35
4626	35
4627	34
4628	38
4629	35
4630	36
4631	36
4632	45
4633	38
4634	37
4635	31
4636	34
4637	34
4638	38
4639	31
4640	28
4641	36
4642	34
4643	37
4644	39
4645	41
4646	33
4647	35
4648	43
4649	39
4650	38
4651	34
4652	41
4653	41
4654	29
4655	42
4656	39
4657	32
4658	40
4659	43
4660	40
4661	30
4662	37
4663	37
4664	46
4665	42
4666	42
4667	36
4668	41
4669	30
4670	39
4671	35
4672	33
4673	25
4674	37
4675	31
4676	41
4677	38
4678	39
4679	39
4680	32
4681	43
4682	32
4683	39
4684	39
4685	32
4686	37
4687	39
4688	34
4689	38
4690	32
4691	39
4692	32
4693	30
4694	48
4695	34
4696	37
4697	38
4698	35
4699	32
4700	37
4701	46
4702	39
4703	32
4704	43
4705	39
4706	34
4707	44
4708	36
4709	48
4710	48
4711	38
4712	30
4713	53
4714	34
4715	39
4716	38
4717	40
4718	51
4719	40
4720	40
4721	39
4722	45
4723	45
4724	31
4725	43
4726	45
4727	41
4728	44
4729	39
4730	40
4731	36
4732	35
4733	41
4734	40
4735	38
4736	34
4737	33
4738	38
4739	37
4740	37
4741	39
4742	44
4743	37
4744	40
4745	34
4746	37
4747	44
4748	37
4749	36
4750	36
4751	39
4752	46
4753	32
4754	41
4755	33
4756	37
4757	41
4758	35
4759	42
4760	43
4761	39
4762	32
4763	45
4764	36
4765	43
4766	37
4767	39
4768	43
4769	30
4770	38
4771	36
4772	37
4773	39
4774	35
4775	37
4776	30
4777	38
4778	30
4779	43
4780	36
4781	33
4782	35
4783	29
4784	35
4785	32
4786	43
4787	33
4788	41
4789	38
4790	34
4791	37
4792	36
4793	40
4794	41
4795	31
4796	41
4797	31
4798	42
4799	40
4800	33
4801	42
4802	37
4803	35
4804	38
4805	40
4806	31
4807	37
4808	35
4809	31
4810	37
4811	32
4812	38
4813	40
4814	41
4815	36
4816	32
4817	37
4818	30
4819	48
4820	45
4821	44
4822	35
4823	38
4824	41
4825	40
4826	38
4827	41
4828	32
4829	32
4830	38
4831	35
4832	39
4833	40
4834	47
4835	39
4836	46
4837	39
4838	41
4839	48
4840	41
4841	50
4842	44
4843	50
4844	43
4845	44
4846	53
4847	46
4848	38
4849	37
4850	38
4851	42
4852	43
4853	44
4854	37
4855	34
4856	40
4857	38
4858	37
4859	40
4860	42
4861	41
4862	37
4863	35
4864	47
4865	35
4866	51
4867	43
4868	43
4869	46
4870	42
4871	42
4872	38
4873	43
4874	43
4875	39
4876	41
4877	39
4878	41
4879	44
4880	33
4881	35
4882	38
4883	32
4884	29
4885	41
4886	42
4887	38
4888	43
4889	38
4890	37
4891	39
4892	37
4893	42
4894	38
4895	42
4896	37
4897	37
4898	40
4899	32
4900	40
4901	39
4902	42
4903	37
4904	39
4905	30
4906	39
4907	33
4908	35
4909	40
4910	40
4911	35
4912	44
4913	35
4914	40
4915	37
4916	34
4917	39
4918	40
4919	31
4920	34
4921	39
4922	37
4923	41
4924	39
4925	30
4926	41
4927	47
4928	39
4929	43
4930	50
4931	41
4932	37
4933	31
4934	43
4935	45
4936	38
4937	32
4938	45
4939	37
4940	40
4941	41
4942	37
4943	38
4944	45
4945	36
4946	49
4947	39
4948	35
4949	41
4950	38
4951	35
4952	41
4953	37
4954	36
4955	40
4956	40
4957	44
4958	38
4959	41
4960	45
4961	31
4962	39
4963	40
4964	39
4965	48
4966	37
4967	37
4968	41
4969	45
4970	37
4971	46
4972	38
4973	47
4974	54
4975	36
4976	35
4977	34
4978	41
4979	36
4980	40
4981	38
4982	38
4983	41
4984	46
4985	41
4986	43
4987	38
4988	43
4989	39
4990	39
4991	36
4992	28
4993	38
4994	40
4995	45
4996	42
4997	34
4998	41
4999	40
5000	50
5001	42
5002	37
5003	31
5004	37
5005	40
5006	36
5007	35
5008	30
5009	32
5010	44
5011	41
5012	36
5013	45
5014	36
5015	32
5016	35
5017	36
5018	43
5019	35
5020	35
5021	39
5022	37
5023	41
5024	35
5025	36
5026	38
5027	38
5028	36
5029	28
5030	32
5031	29
5032	37
5033	28
5034	38
5035	34
5036	30
5037	30
5038	37
5039	41
5040	41
5041	29
5042	31
5043	37
5044	42
5045	43
5046	39
5047	37
5048	34
5049	32
5050	30
5051	33
5052	36
5053	29
5054	35
5055	36
5056	29
5057	33
5058	38
5059	34
5060	37
5061	42
5062	37
5063	38
5064	37
5065	43
5066	32
5067	33
5068	40
5069	43
5070	35
5071	37
5072	34
5073	36
5074	33
5075	33
5076	44
5077	38
5078	25
5079	46
5080	44
5081	35
5082	35
5083	44
5084	41
5085	39
5086	44
5087	45
5088	33
5089	34
5090	32
5091	37
5092	36
5093	39
5094	29
5095	43
5096	41
5097	41
5098	37
5099	35
5100	37
5101	43
5102	30
5103	40
5104	37
5105	24
5106	29
5107	37
5108	33
5109	32
5110	27
5111	21
5112	43
5113	34
5114	37
5115	36
5116	41
5117	33
5118	39
5119	41
5120	41
5121	33
5122	39
5123	36
5124	32
5125	44
5126	37
5127	32
5128	33
5129	38
5130	38
5131	42
5132	37
5133	41
5134	45
5135	41
5136	34
5137	39
5138	31
5139	42
5140	36
5141	36
5142	41
5143	34
5144	49
5145	42
5146	38
5147	37
5148	37
5149	36
5150	39
5151	46
5152	49
5153	32
5154	40
5155	38
5156	45
5157	51
5158	38
5159	40
5160	41
5161	44
5162	44
5163	42
5164	40
5165	42
5166	52
5167	48
5168	42
5169	44
5170	36
5171	49
5172	38
5173	45
5174	31
5175	44
5176	40
5177	39
5178	36
5179	44
5180	35
5181	29
5182	30
5183	33
5184	37
5185	39
5186	38
5187	33
5188	40
5189	39
5190	30
5191	32
5192	41
5193	35
5194	31
5195	41
5196	45
5197	39
5198	38
5199	41
5200	30
5201	39
5202	34
5203	36
5204	30
5205	35
5206	31
5207	38
5208	35
5209	38
5210	33
5211	36
5212	37
5213	41
5214	34
5215	35
5216	40
5217	38
5218	38
5219	35
5220	37
5221	39
5222	24
5223	34
5224	42
5225	39
5226	39
5227	32
5228	33
5229	31
5230	35
5231	35
5232	43
5233	31
5234	31
5235	39
5236	35
5237	36
5238	35
5239	42
5240	42
5241	41
5242	30
5243	48
5244	50
5245	37
5246	47
5247	37
5248	34
5249	35
5250	39
