frame	intra_count
0	2
1	9
2	3
3	9
4	5
5	8
6	7
7	6
8	7
9	5
10	6
11	5
12	4
13	1
14	6
15	7
16	6
17	5
18	4
19	5
20	10
21	8
22	8
23	9
24	12
25	9
26	11
27	10
28	14
29	8
30	8
31	12
32	6
33	12
34	15
35	14
36	8
37	16
38	12
39	13
40	12
41	14
42	7
43	13
44	12
45	10
46	11
47	9
48	12
49	9
50	12
51	14
52	12
53	12
54	12
55	9
56	20
57	14
58	11
59	14
60	14
61	15
62	9
63	14
64	15
65	11
66	13
67	10
68	19
69	13
70	13
71	10
72	19
73	16
74	12
75	14
76	9
77	13
78	15
79	14
80	12
81	15
82	14
83	14
84	10
85	18
86	10
87	11
88	14
89	17
90	14
91	15
92	15
93	9
94	12
95	14
96	25
97	14
98	17
99	15
100	20
101	21
102	17
103	17
104	15
105	14
106	23
107	13
108	13
109	16
110	17
111	14
112	13
113	12
114	22
115	13
116	18
117	20
118	13
119	18
120	15
121	19
122	13
123	17
124	17
125	16
126	10
127	20
128	13
129	13
130	11
131	12
132	19
133	10
134	16
135	14
136	13
137	6
138	13
139	11
140	11
141	12
142	14
143	14
144	14
145	11
146	11
147	14
148	14
149	16
150	10
151	14
152	12
153	16
154	19
155	18
156	8
157	14
158	16
159	14
160	13
161	12
162	12
163	14
164	10
165	15
166	11
167	16
168	13
169	12
170	11
171	11
172	15
173	21
174	12
175	12
176	15
177	17
178	16
179	13
180	11
181	17
182	18
183	15
184	18
185	17
186	16
187	14
188	17
189	9
190	15
191	14
192	13
193	15
194	12
195	16
196	9
197	16
198	15
199	13
200	15
201	14
202	16
203	12
204	8
205	15
206	14
207	10
208	12
209	11
210	13
211	17
212	17
213	11
214	16
215	16
216	13
217	12
218	8
219	13
220	9
221	15
222	16
223	15
224	13
225	16
226	13
227	14
228	13
229	15
230	15
231	11
232	20
233	11
234	11
235	15
236	11
237	19
238	19
239	10
240	21
241	18
242	15
243	9
244	16
245	16
246	14
247	21
248	16
249	17
250	14
251	22
252	16
253	14
254	13
255	19
256	15
257	15
258	15
259	13
260	16
261	16
262	16
263	15
264	15
265	15
266	18
267	15
268	21
269	17
270	19
271	17
272	16
273	15
274	13
275	19
276	17
277	9
278	20
279	16
280	19
281	15
282	20
283	16
284	19
285	18
286	16
287	17
288	19
289	19
290	17
291	17
292	22
293	20
294	19
295	19
296	12
297	14
298	17
299	23
300	19
301	18
302	16
303	22
304	19
305	15
306	25
307	15
308	16
309	22
310	12
311	14
312	15
313	18
314	20
315	13
316	13
317	19
318	20
319	15
320	19
321	22
322	27
323	24
324	18
325	18
326	15
327	26
328	18
329	30
330	21
331	19
332	18
333	14
334	17
335	22
336	13
337	16
338	12
339	21
340	16
341	13
342	16
343	19
344	22
345	11
346	14
347	25
348	17
349	19
350	15
351	17
352	18
353	16
354	15
355	16
356	23
357	14
358	11
359	16
360	20
361	11
362	13
363	17
364	16
365	17
366	12
367	17
368	13
369	16
370	14
371	16
372	17
373	18
374	20
375	16
376	15
377	19
378	19
379	21
380	15
381	19
382	29
383	22
384	19
385	21
386	19
387	19
388	22
389	19
390	15
391	12
392	24
393	13
394	15
395	20
396	15
397	20
398	20
399	20
400	20
401	24
402	13
403	18
404	21
405	18
406	15
407	17
408	22
409	26
410	24
411	22
412	17
413	17
414	21
415	20
416	16
417	25
418	15
419	21
420	21
421	17
422	21
423	16
424	20
425	24
426	25
427	16
428	18
429	27
430	13
431	25
432	20
433	16
434	19
435	17
436	15
437	15
438	15
439	14
440	13
441	19
442	18
443	22
444	24
445	23
446	22
447	14
448	16
449	20
450	16
451	20
452	14
453	9
454	15
455	19
456	23
457	15
458	18
459	24
460	20
461	18
462	17
463	20
464	20
465	23
466	28
467	20
468	19
469	20
470	21
471	16
472	19
473	17
474	14
475	15
476	20
477	16
478	20
479	24
480	19
481	17
482	23
483	16
484	20
485	21
486	15
487	19
488	22
489	15
490	12
491	19
492	13
493	22
494	23
495	19
496	23
497	23
498	22
499	26
500	17
501	24
502	24
503	17
504	24
505	20
506	26
507	21
508	24
509	21
510	15
511	27
512	16
513	22
514	17
515	23
516	23
517	19
518	22
519	25
520	19
521	26
522	20
523	20
524	21
525	19
526	15
527	20
528	22
529	21
530	20
531	20
532	22
533	20
534	22
535	26
536	22
537	18
538	25
539	22
540	16
541	24
542	23
543	17
544	20
545	20
546	23
547	21
548	22
549	27
550	17
551	22
552	23
553	20
554	17
555	27
556	11
557	18
558	14
559	19
560	21
561	20
562	20
563	20
564	20
565	18
566	20
567	18
568	17
569	9
570	19
571	16
572	25
573	21
574	17
575	22
576	19
577	20
578	17
579	25
580	19
581	24
582	19
583	19
584	13
585	22
586	23
587	27
588	15
589	17
590	21
591	22
592	20
593	19
594	23
595	27
596	27
597	22
598	19
599	16
600	17
601	21
602	19
603	27
604	27
605	20
606	17
607	24
608	24
609	15
610	26
611	23
612	30
613	22
614	26
615	16
616	16
617	20
618	23
619	20
620	24
621	22
622	26
623	24
624	19
625	17
626	17
627	20
628	20
629	20
630	23
631	23
632	13
633	24
634	26
635	20
636	18
637	22
638	17
639	21
640	19
641	21
642	13
643	17
644	12
645	16
646	16
647	20
648	19
649	23
650	13
651	19
652	15
653	21
654	24
655	21
656	17
657	19
658	24
659	22
660	20
661	20
662	20
663	15
664	16
665	23
666	13
667	27
668	23
669	21
670	19
671	12
672	24
673	16
674	22
675	16
676	18
677	17
678	19
679	18
680	16
681	15
682	21
683	20
684	20
685	11
686	19
687	18
688	25
689	22
690	16
691	18
692	13
693	17
694	21
695	18
696	16
697	17
698	17
699	18
700	20
701	15
702	18
703	17
704	18
705	15
706	14
707	15
708	10
709	15
710	19
711	16
712	18
713	14
714	17
715	17
716	16
717	17
718	11
719	20
720	13
721	18
722	17
723	17
724	18
725	17
726	19
727	14
728	9
729	15
730	15
731	19
732	20
733	20
734	13
735	15
736	21
737	16
738	18
739	18
740	21
741	14
742	21
743	18
744	19
745	12
746	15
747	14
748	16
749	15
750	16
751	23
752	16
753	20
754	23
755	19
756	18
757	18
758	18
759	17
760	16
761	14
762	16
763	19
764	22
765	23
766	20
767	27
768	19
769	16
770	18
771	16
772	18
773	21
774	15
775	26
776	17
777	27
778	16
779	26
780	20
781	22
782	16
783	19
784	21
785	19
786	18
787	21
788	18
789	18
790	18
791	22
792	19
793	16
794	16
795	24
796	15
797	24
798	19
799	23
800	25
801	21
802	22
803	20
804	19
805	18
806	21
807	21
808	19
809	17
810	24
811	17
812	23
813	10
814	16
815	18
816	13
817	19
818	19
819	23
820	17
821	20
822	19
823	20
824	18
825	23
826	15
827	19
828	23
829	21
830	15
831	16
832	16
833	27
834	11
835	17
836	11
837	17
838	18
839	33
840	24
841	21
842	19
843	17
844	14
845	25
846	19
847	15
848	25
849	13
850	24
851	14
852	19
853	14
854	11
855	21
856	20
857	14
858	14
859	14
860	19
861	23
862	24
863	22
864	20
865	22
866	20
867	15
868	21
869	21
870	20
871	16
872	24
873	15
874	22
875	19
876	19
877	16
878	15
879	23
880	14
881	25
882	15
883	17
884	22
885	27
886	17
887	17
888	20
889	12
890	16
891	24
892	21
893	17
894	17
895	20
896	20
897	18
898	22
899	14
900	22
901	18
902	24
903	21
904	23
905	17
906	19
907	24
908	23
909	17
910	22
911	23
912	24
913	15
914	13
915	21
916	15
917	18
918	20
919	17
920	17
921	19
922	17
923	19
924	20
925	15
926	24
927	17
928	21
929	22
930	16
931	29
932	21
933	19
934	22
935	19
936	26
937	26
938	17
939	19
940	22
941	16
942	22
943	22
944	15
945	20
946	26
947	19
948	18
949	17
950	14
951	14
952	28
953	20
954	12
955	20
956	17
957	26
958	11
959	22
960	14
961	19
962	19
963	14
964	16
965	12
966	17
967	15
968	19
969	21
970	22
971	13
972	13
973	13
974	13
975	12
976	20
977	13
978	17
979	16
980	16
981	15
982	12
983	17
984	18
985	23
986	14
987	13
988	19
989	14
990	11
991	18
992	14
993	15
994	18
995	16
996	11
997	16
998	13
999	12
1000	15
1001	18
1002	17
1003	19
1004	20
1005	30
1006	16
1007	12
1008	19
1009	13
1010	16
1011	19
1012	16
1013	17
1014	13
1015	15
1016	15
1017	14
1018	15
1019	14
1020	9
1021	11
1022	16
1023	11
1024	10
1025	14
1026	18
1027	14
1028	15
1029	18
1030	15
1031	20
1032	22
1033	15
1034	14
1035	16
1036	12
1037	11
1038	13
1039	15
1040	17
1041	19
1042	13
1043	18
1044	20
1045	19
1046	16
1047	19
1048	12
1049	16
1050	18
1051	14
1052	13
1053	17
1054	26
1055	13
1056	23
1057	17
1058	17
1059	15
1060	18
1061	20
1062	15
1063	21
1064	19
1065	12
1066	15
1067	11
1068	15
1069	16
1070	11
1071	13
1072	13
1073	13
1074	18
1075	16
1076	22
1077	17
1078	23
1079	18
1080	18
1081	15
1082	22
1083	17
1084	20
1085	22
1086	20
1087	10
1088	17
1089	18
1090	17
1091	17
1092	16
1093	16
1094	17
1095	8
1096	19
1097	17
1098	20
1099	20
1100	17
1101	16
1102	13
1103	25
1104	18
1105	18
1106	25
1107	20
1108	18
1109	21
1110	15
1111	19
1112	18
1113	22
1114	22
1115	20
1116	16
1117	24
1118	22
1119	27
1120	22
1121	25
1122	22
1123	21
1124	13
1125	14
1126	17
1127	21
1128	17
1129	17
1130	19
1131	20
1132	13
1133	20
1134	20
1135	18
1136	23
1137	13
1138	18
1139	17
1140	13
1141	19
1142	19
1143	21
1144	23
1145	16
1146	22
1147	23
1148	13
1149	19
1150	16
1151	13
1152	17
1153	17
1154	22
1155	15
1156	18
1157	15
1158	21
1159	14
1160	20
1161	15
1162	23
1163	14
1164	11
1165	17
1166	14
1167	18
1168	22
1169	20
1170	19
1171	21
1172	14
1173	22
1174	15
1175	24
1176	24
1177	18
1178	13
1179	23
1180	20
1181	26
1182	19
1183	23
1184	17
1185	23
1186	23
1187	23
1188	26
1189	23
1190	24
1191	20
1192	27
1193	14
1194	17
1195	21
1196	15
1197	18
1198	19
1199	23
1200	24
1201	22
1202	23
1203	19
1204	26
1205	18
1206	21
1207	18
1208	25
1209	28
1210	21
1211	21
1212	24
1213	15
1214	24
1215	24
1216	19
1217	17
1218	22
1219	19
1220	11
1221	20
1222	16
1223	21
1224	17
1225	15
1226	17
1227	18
1228	25
1229	22
1230	14
1231	19
1232	24
1233	14
1234	17
1235	14
1236	23
1237	16
1238	18
1239	27
1240	21
1241	10
1242	18
1243	14
1244	24
1245	19
1246	19
1247	17
1248	17
1249	23
1250	13
1251	19
1252	22
1253	23
1254	24
1255	17
1256	18
1257	18
1258	16
1259	18
1260	17
1261	18
1262	16
1263	23
1264	20
1265	26
1266	16
1267	21
1268	19
1269	23
1270	17
1271	19
1272	15
1273	12
1274	11
1275	22
1276	22
1277	11
1278	11
1279	16
1280	19
1281	19
1282	21
1283	21
1284	22
1285	16
1286	17
1287	15
1288	16
1289	21
1290	18
1291	22
1292	19
1293	12
1294	21
1295	19
1296	19
1297	17
1298	16
1299	10
1300	16
1301	20
1302	18
1303	17
1304	20
1305	17
1306	18
1307	20
1308	24
1309	18
1310	15
1311	21
1312	19
1313	21
1314	24
1315	16
1316	21
1317	19
1318	27
1319	21
1320	20
1321	20
1322	20
1323	21
1324	20
1325	21
1326	17
1327	16
1328	22
1329	22
1330	17
1331	23
1332	18
1333	27
1334	15
1335	23
1336	16
1337	12
1338	20
1339	16
1340	18
1341	24
1342	15
1343	21
1344	18
1345	20
1346	19
1347	17
1348	13
1349	13
1350	15
1351	24
1352	19
1353	20
1354	23
1355	23
1356	16
1357	19
1358	17
1359	16
1360	17
1361	14
1362	21
1363	22
1364	17
1365	30
1366	17
1367	20
1368	16
1369	18
1370	16
1371	29
1372	14
1373	18
1374	19
1375	20
1376	17
1377	22
1378	17
1379	23
1380	14
1381	22
1382	14
1383	16
1384	18
1385	18
1386	20
1387	19
1388	17
1389	15
1390	20
1391	22
1392	23
1393	20
1394	23
1395	20
1396	19
1397	13
1398	20
1399	24
1400	15
1401	15
1402	20
1403	18
1404	21
1405	24
1406	16
1407	22
1408	23
1409	16
1410	18
1411	20
1412	16
1413	27
1414	22
1415	28
1416	21
1417	20
1418	23
1419	19
1420	18
1421	19
1422	16
1423	27
1424	17
1425	19
1426	13
1427	19
1428	16
1429	15
1430	17
1431	10
1432	15
1433	18
1434	20
1435	16
1436	24
1437	23
1438	16
1439	12
1440	16
1441	15
1442	17
1443	23
1444	18
1445	17
1446	22
1447	20
1448	20
1449	23
1450	22
1451	21
1452	15
1453	25
1454	16
1455	20
1456	18
1457	25
1458	20
1459	19
1460	24
1461	18
1462	21
1463	21
1464	20
1465	16
1466	21
1467	15
1468	13
1469	17
1470	25
1471	18
1472	21
1473	20
1474	20
1475	19
1476	20
1477	19
1478	17
1479	21
1480	18
1481	23
1482	24
1483	23
1484	22
1485	24
1486	20
1487	15
1488	18
1489	20
1490	20
1491	20
1492	14
1493	17
1494	16
1495	19
1496	19
1497	20
1498	16
1499	18
1500	17
1501	22
1502	20
1503	18
1504	17
1505	17
1506	16
1507	22
1508	19
1509	18
1510	19
1511	17
1512	15
1513	19
1514	12
1515	18
1516	15
1517	20
1518	18
1519	19
1520	17
1521	19
1522	12
1523	17
1524	14
1525	16
1526	16
1527	15
1528	17
1529	16
1530	12
1531	9
1532	13
1533	21
1534	20
1535	18
1536	18
1537	20
1538	22
1539	20
1540	16
1541	17
1542	22
1543	19
1544	19
1545	14
1546	13
1547	11
1548	15
1549	15
1550	17
1551	22
1552	18
1553	21
1554	15
1555	16
1556	18
1557	15
1558	15
1559	18
1560	18
1561	17
1562	22
1563	19
1564	19
1565	8
1566	16
1567	12
1568	13
1569	16
1570	15
1571	23
1572	12
1573	22
1574	24
1575	21
1576	20
1577	20
1578	15
1579	19
1580	25
1581	19
1582	15
1583	13
1584	15
1585	17
1586	14
1587	13
1588	17
1589	12
1590	19
1591	15
1592	17
1593	18
1594	18
1595	16
1596	14
1597	18
1598	16
1599	23
1600	20
1601	12
1602	13
1603	20
1604	17
1605	17
1606	16
1607	20
1608	17
1609	23
1610	18
1611	17
1612	19
1613	20
1614	15
1615	18
1616	18
1617	18
1618	16
1619	20
1620	16
1621	13
1622	15
1623	21
1624	18
1625	16
1626	19
1627	20
1628	13
1629	12
1630	12
1631	18
1632	18
1633	19
1634	15
1635	16
1636	17
1637	11
1638	16
1639	16
1640	12
1641	17
1642	16
1643	22
1644	20
1645	22
1646	12
1647	16
1648	13
1649	16
1650	18
1651	19
1652	21
1653	20
1654	19
1655	22
1656	16
1657	20
1658	25
1659	15
1660	10
1661	14
1662	17
1663	15
1664	21
1665	14
1666	19
1667	15
1668	17
1669	13
1670	20
1671	17
1672	23
1673	16
1674	15
1675	16
1676	12
1677	16
1678	21
1679	20
1680	21
1681	11
1682	12
1683	21
1684	17
1685	18
1686	12
1687	22
1688	17
1689	17
1690	22
1691	20
1692	20
1693	14
1694	15
1695	24
1696	14
1697	17
1698	18
1699	24
1700	26
1701	21
1702	19
1703	19
1704	19
1705	17
1706	17
1707	18
1708	15
1709	19
1710	16
1711	17
1712	14
1713	17
1714	19
1715	15
1716	20
1717	19
1718	18
1719	15
1720	15
1721	20
1722	11
1723	14
1724	13
1725	10
1726	17
1727	20
1728	21
1729	17
1730	13
1731	17
1732	16
1733	18
1734	17
1735	15
1736	17
1737	21
1738	11
1739	15
1740	18
1741	15
1742	23
1743	15
1744	19
1745	14
1746	21
1747	20
1748	18
1749	24
1750	23
1751	22
1752	20
1753	16
1754	20
1755	19
1756	11
1757	23
1758	26
1759	19
1760	18
1761	10
1762	19
1763	15
1764	11
1765	19
1766	13
1767	22
1768	20
1769	10
1770	21
1771	26
1772	19
1773	25
1774	17
1775	20
1776	17
1777	17
1778	16
1779	15
1780	16
1781	17
1782	16
1783	14
1784	18
1785	16
1786	15
1787	17
1788	16
1789	15
1790	18
1791	16
1792	21
1793	16
1794	19
1795	20
1796	20
1797	17
1798	23
1799	18
1800	19
1801	13
1802	23
1803	23
1804	15
1805	22
1806	17
1807	22
1808	16
1809	18
1810	20
1811	12
1812	18
1813	17
1814	19
1815	23
1816	12
1817	15
1818	19
1819	13
1820	22
1821	13
1822	17
1823	13
1824	13
1825	21
1826	8
1827	16
1828	18
1829	19
1830	22
1831	14
1832	14
1833	18
1834	18
1835	18
1836	17
1837	12
1838	15
1839	18
1840	15
1841	19
1842	16
1843	21
1844	14
1845	19
1846	15
1847	15
1848	13
1849	22
1850	17
1851	19
1852	19
1853	17
1854	22
1855	22
1856	19
1857	24
1858	14
1859	23
1860	18
1861	18
1862	20
1863	18
1864	20
1865	24
1866	23
1867	23
1868	18
1869	18
1870	21
1871	20
1872	18
1873	17
1874	25
1875	18
1876	19
1877	19
1878	17
1879	25
1880	15
1881	23
1882	13
1883	16
1884	22
1885	16
1886	25
1887	19
1888	18
1889	20
1890	20
1891	22
1892	17
1893	20
1894	23
1895	17
1896	25
1897	22
1898	20
1899	19
1900	23
1901	18
1902	17
1903	16
1904	20
1905	17
1906	20
1907	23
1908	28
1909	19
1910	20
1911	20
1912	20
1913	18
1914	16
1915	16
1916	26
1917	21
1918	14
1919	16
1920	22
1921	21
1922	22
1923	24
1924	19
1925	19
1926	28
1927	23
1928	22
1929	23
1930	21
1931	19
1932	21
1933	22
1934	19
1935	19
1936	15
1937	31
1938	18
1939	21
1940	16
1941	25
1942	21
1943	25
1944	28
1945	18
1946	19
1947	22
1948	17
1949	23
1950	14
1951	22
1952	25
1953	17
1954	24
1955	18
1956	17
1957	23
1958	27
1959	24
1960	22
1961	18
1962	18
1963	19
1964	20
1965	21
1966	19
1967	26
1968	19
1969	23
1970	17
1971	22
1972	16
1973	15
1974	26
1975	18
1976	16
1977	14
1978	20
1979	22
1980	16
1981	15
1982	17
1983	17
1984	13
1985	18
1986	14
1987	18
1988	20
1989	17
1990	15
1991	11
1992	15
1993	16
1994	18
1995	20
1996	18
1997	14
1998	23
1999	27
2000	16
2001	20
2002	20
2003	18
2004	15
2005	19
2006	14
2007	16
2008	20
2009	18
2010	17
2011	14
2012	22
2013	13
2014	21
2015	18
2016	13
2017	20
2018	14
2019	23
2020	21
2021	22
2022	20
2023	15
2024	20
2025	21
2026	22
2027	18
2028	22
2029	27
2030	26
2031	18
2032	14
2033	17
2034	20
2035	16
2036	18
2037	21
2038	18
2039	19
2040	27
2041	17
2042	14
2043	20
2044	22
2045	17
2046	20
2047	17
2048	20
2049	20
2050	21
2051	21
2052	23
2053	21
2054	15
2055	18
2056	17
2057	19
2058	16
2059	24
2060	25
2061	18
2062	19
2063	18
2064	19
2065	20
2066	13
2067	22
2068	19
2069	24
2070	23
2071	18
2072	21
2073	16
2074	21
2075	10
2076	17
2077	21
2078	15
2079	13
2080	15
2081	12
2082	16
2083	23
2084	17
2085	16
2086	13
2087	20
2088	12
2089	16
2090	20
2091	26
2092	15
2093	20
2094	21
2095	23
2096	11
2097	27
2098	23
2099	13
2100	22
2101	18
2102	22
2103	17
2104	25
2105	21
2106	20
2107	28
2108	17
2109	22
2110	16
2111	20
2112	20
2113	18
2114	17
2115	15
2116	21
2117	19
2118	27
2119	14
2120	22
2121	13
2122	13
2123	16
2124	14
2125	22
2126	16
2127	13
2128	23
2129	25
2130	22
2131	22
2132	15
2133	17
2134	25
2135	18
2136	19
2137	21
2138	26
2139	22
2140	22
2141	22
2142	22
2143	23
2144	17
2145	26
2146	21
2147	20
2148	21
2149	17
2150	17
2151	22
2152	26
2153	21
2154	20
2155	23
2156	16
2157	20
2158	17
2159	17
2160	20
2161	21
2162	24
2163	18
2164	22
2165	15
2166	16
2167	10
2168	27
2169	13
2170	16
2171	21
2172	21
2173	20
2174	19
2175	19
2176	16
2177	16
2178	17
2179	21
2180	17
2181	15
2182	21
2183	22
2184	14
2185	19
2186	23
2187	18
2188	18
2189	17
2190	15
2191	18
2192	23
2193	19
2194	21
2195	19
2196	15
2197	14
2198	15
2199	18
2200	18
2201	21
2202	21
2203	21
2204	20
2205	19
2206	25
2207	15
2208	21
2209	15
2210	24
2211	21
2212	24
2213	18
2214	21
2215	24
2216	13
2217	17
2218	15
2219	19
2220	22
2221	15
2222	20
2223	14
2224	24
2225	19
2226	23
2227	21
2228	17
2229	13
2230	18
2231	20
2232	23
2233	14
2234	20
2235	15
2236	22
2237	16
2238	18
2239	20
2240	17
2241	13
2242	15
2243	17
2244	18
2245	17
2246	13
2247	18
2248	18
2249	19
2250	20
2251	21
2252	16
2253	15
2254	19
2255	11
2256	17
2257	19
2258	21
2259	19
2260	24
2261	22
2262	29
2263	23
2264	20
2265	24
2266	21
2267	19
2268	18
2269	19
2270	17
2271	20
2272	14
2273	20
2274	20
2275	21
2276	21
2277	23
2278	24
2279	21
2280	21
2281	21
2282	23
2283	11
2284	23
2285	27
2286	19
2287	20
2288	20
2289	30
2290	19
2291	20
2292	17
2293	24
2294	19
2295	26
2296	19
2297	20
2298	24
2299	22
2300	23
2301	21
2302	22
2303	26
2304	25
2305	24
2306	24
2307	16
2308	29
2309	18
2310	25
2311	19
2312	19
2313	22
2314	18
2315	26
2316	23
2317	21
2318	18
2319	22
2320	17
2321	12
2322	17
2323	26
2324	21
2325	14
2326	19
2327	19
2328	18
2329	17
2330	22
2331	24
2332	18
2333	17
2334	20
2335	16
2336	24
2337	16
2338	24
2339	23
2340	22
2341	13
2342	20
2343	25
2344	22
2345	19
2346	21
2347	22
2348	20
2349	21
2350	22
2351	21
2352	21
2353	18
2354	23
2355	17
2356	15
2357	16
2358	22
2359	18
2360	22
2361	20
2362	22
2363	20
2364	25
2365	19
2366	19
2367	24
2368	19
2369	18
2370	17
2371	17
2372	24
2373	26
2374	19
2375	14
2376	23
2377	23
2378	32
2379	19
2380	24
2381	23
2382	21
2383	29
2384	21
2385	21
2386	19
2387	23
2388	17
2389	22
2390	19
2391	28
2392	25
2393	24
2394	25
2395	27
2396	23
2397	13
2398	15
2399	20
2400	26
2401	20
2402	25
2403	22
2404	24
2405	19
2406	15
2407	22
2408	25
2409	23
2410	20
2411	29
2412	23
2413	15
2414	20
2415	20
2416	22
2417	22
2418	25
2419	23
2420	12
2421	23
2422	25
2423	18
2424	25
2425	19
2426	19
2427	27
2428	16
2429	22
2430	22
2431	23
2432	21
2433	19
2434	23
2435	18
2436	25
2437	25
2438	16
2439	23
2440	17
2441	17
2442	20
2443	25
2444	25
2445	19
2446	16
2447	18
2448	18
2449	17
2450	19
2451	21
2452	16
2453	24
2454	26
2455	17
2456	22
2457	17
2458	20
2459	21
2460	18
2461	18
2462	20
2463	24
2464	25
2465	17
2466	22
2467	24
2468	24
2469	17
2470	17
2471	26
2472	17
2473	22
2474	18
2475	22
2476	22
2477	22
2478	15
2479	12
2480	18
2481	18
2482	20
2483	20
2484	20
2485	24
2486	20
2487	22
2488	17
2489	18
2490	16
2491	13
2492	11
2493	10
2494	17
2495	22
2496	17
2497	22
2498	27
2499	22
2500	20
2501	20
2502	22
2503	19
2504	21
2505	21
2506	18
2507	17
2508	23
2509	20
2510	12
2511	22
2512	18
2513	27
2514	24
2515	21
2516	19
2517	19
2518	22
2519	28
2520	22
2521	19
2522	18
2523	18
2524	19
2525	20
2526	17
2527	17
2528	21
2529	17
2530	19
2531	20
2532	17
2533	25
2534	25
2535	27
2536	27
2537	22
2538	23
2539	20
2540	19
2541	21
2542	22
2543	21
2544	26
2545	20
2546	24
2547	13
2548	13
2549	24
2550	28
2551	19
2552	22
2553	11
2554	24
2555	24
2556	24
2557	23
2558	16
2559	25
2560	20
2561	23
2562	24
2563	22
2564	21
2565	20
2566	15
2567	20
2568	24
2569	23
2570	27
2571	28
2572	25
2573	28
2574	19
2575	25
2576	20
2577	13
2578	20
2579	27
2580	19
2581	18
2582	19
2583	21
2584	25
2585	18
2586	25
2587	23
2588	16
2589	18
2590	21
2591	13
2592	16
2593	26
2594	20
2595	20
2596	18
2597	20
2598	21
2599	19
2600	15
2601	17
2602	21
2603	24
2604	18
2605	22
2606	23
2607	21
2608	22
2609	27
2610	23
2611	21
2612	24
2613	19
2614	21
2615	19
2616	24
2617	18
2618	20
2619	25
2620	22
2621	16
2622	23
2623	19
2624	21
2625	22
2626	20
2627	16
2628	24
2629	17
2630	21
2631	21
2632	22
2633	22
2634	17
2635	26
2636	28
2637	19
2638	22
2639	20
2640	16
2641	23
2642	27
2643	23
2644	16
2645	28
2646	26
2647	17
2648	26
2649	21
2650	21
2651	18
2652	21
2653	20
2654	24
2655	21
2656	17
2657	20
2658	26
2659	23
2660	16
2661	20
2662	16
2663	31
2664	25
2665	18
2666	22
2667	23
2668	20
2669	27
2670	19
2671	21
2672	24
2673	13
2674	18
2675	28
2676	14
2677	21
2678	17
2679	25
2680	25
2681	25
2682	19
2683	18
2684	20
2685	15
2686	33
2687	17
2688	25
2689	22
2690	25
2691	23
2692	30
2693	27
2694	32
2695	19
2696	22
2697	22
2698	15
2699	16
2700	27
2701	19
2702	23
2703	23
2704	24
2705	19
2706	21
2707	25
2708	24
2709	22
2710	21
2711	22
2712	28
2713	23
2714	23
2715	28
2716	22
2717	22
2718	26
2719	27
2720	18
2721	25
2722	13
2723	21
2724	20
2725	21
2726	26
2727	22
2728	21
2729	20
2730	24
2731	14
2732	22
2733	20
2734	20
2735	25
2736	24
2737	20
2738	27
2739	22
2740	22
2741	19
2742	23
2743	25
2744	17
2745	26
2746	22
2747	24
2748	26
2749	30
2750	20
2751	21
2752	20
2753	23
2754	31
2755	24
2756	21
2757	24
2758	19
2759	24
2760	22
2761	22
2762	18
2763	21
2764	17
2765	17
2766	19
2767	24
2768	23
2769	25
2770	17
2771	22
2772	24
2773	22
2774	20
2775	18
2776	31
2777	20
2778	24
2779	21
2780	26
2781	19
2782	26
2783	27
2784	20
2785	28
2786	13
2787	22
2788	21
2789	23
2790	23
2791	23
2792	20
2793	24
2794	26
2795	21
2796	16
2797	24
2798	24
2799	22
2800	27
2801	26
2802	20
2803	24
2804	16
2805	19
2806	22
2807	25
2808	32
2809	25
2810	19
2811	24
2812	26
2813	23
2814	29
2815	32
2816	20
2817	23
2818	26
2819	26
2820	24
2821	25
2822	27
2823	28
2824	27
2825	24
2826	17
2827	22
2828	22
2829	23
2830	20
2831	19
2832	22
2833	18
2834	20
2835	19
2836	17
2837	21
2838	16
2839	26
2840	17
2841	25
2842	21
2843	21
2844	23
2845	21
2846	21
2847	21
2848	22
2849	26
2850	25
2851	24
2852	16
2853	24
2854	14
2855	21
2856	24
2857	26
2858	24
2859	25
2860	22
2861	18
2862	26
2863	21
2864	23
2865	19
2866	24
2867	25
2868	18
2869	29
2870	20
2871	21
2872	21
2873	23
2874	24
2875	26
2876	25
2877	22
2878	20
2879	23
2880	24
2881	18
2882	22
2883	22
2884	24
2885	27
2886	26
2887	24
2888	22
2889	27
2890	24
2891	25
2892	26
2893	27
2894	22
2895	28
2896	31
2897	20
2898	30
2899	22
2900	28
2901	18
2902	27
2903	25
2904	31
2905	18
2906	20
2907	28
2908	28
2909	19
2910	21
2911	30
2912	30
2913	31
2914	27
2915	27
2916	27
2917	23
2918	17
2919	15
2920	21
2921	27
2922	26
2923	27
2924	18
2925	28
2926	30
2927	26
2928	28
2929	21
2930	23
2931	25
2932	27
2933	22
2934	31
2935	30
2936	26
2937	22
2938	22
2939	35
2940	31
2941	24
2942	24
2943	23
2944	27
2945	22
2946	24
2947	26
2948	25
2949	29
2950	19
2951	32
2952	24
2953	20
2954	22
2955	31
2956	29
2957	27
2958	29
2959	22
2960	24
2961	28
2962	23
2963	16
2964	25
2965	30
2966	29
2967	25
2968	21
2969	29
2970	30
2971	23
2972	26
2973	31
2974	21
2975	29
2976	26
2977	18
2978	30
2979	24
2980	26
2981	18
2982	25
2983	28
2984	27
2985	23
2986	23
2987	21
2988	23
2989	29
2990	25
2991	22
2992	28
2993	26
2994	25
2995	25
2996	26
2997	29
2998	28
2999	23
3000	20
3001	29
3002	27
3003	33
3004	18
3005	32
3006	26
3007	29
3008	22
3009	23
3010	26
3011	29
3012	26
3013	29
3014	26
3015	33
3016	22
3017	33
3018	28
3019	19
3020	26
3021	19
3022	26
3023	30
3024	25
3025	19
3026	26
3027	26
3028	23
3029	26
3030	23
3031	23
3032	22
3033	28
3034	24
3035	28
3036	24
3037	21
3038	27
3039	31
3040	23
3041	26
3042	26
3043	22
3044	27
3045	24
3046	18
3047	23
3048	28
3049	22
3050	25
3051	23
3052	22
3053	26
3054	24
3055	27
3056	32
3057	27
3058	28
3059	28
3060	25
3061	25
3062	30
3063	25
3064	23
3065	26
3066	28
3067	29
3068	32
3069	20
3070	30
3071	28
3072	34
3073	26
3074	22
3075	25
3076	30
3077	25
3078	25
3079	20
3080	28
3081	23
3082	32
3083	20
3084	19
3085	36
3086	20
3087	27
3088	23
3089	24
3090	26
3091	25
3092	28
3093	23
3094	22
3095	28
3096	28
3097	26
3098	22
3099	23
3100	27
3101	28
3102	26
3103	27
3104	27
3105	29
3106	29
3107	23
3108	23
3109	26
3110	22
3111	30
3112	26
3113	27
3114	30
3115	27
3116	31
3117	25
3118	32
3119	22
3120	22
3121	31
3122	18
3123	26
3124	31
3125	23
3126	26
3127	26
3128	24
3129	27
3130	27
3131	24
3132	23
3133	17
3134	30
3135	24
3136	24
3137	23
3138	24
3139	23
3140	24
3141	28
3142	25
3143	34
3144	20
3145	21
3146	28
3147	32
3148	28
3149	24
3150	26
3151	33
3152	25
3153	27
3154	26
3155	19
3156	26
3157	23
3158	24
3159	23
3160	28
3161	32
3162	29
3163	25
3164	20
3165	23
3166	26
3167	24
3168	27
3169	29
3170	31
3171	29
3172	26
3173	28
3174	29
3175	25
3176	24
3177	29
3178	26
3179	24
3180	21
3181	30
3182	22
3183	29
3184	26
3185	30
3186	33
3187	24
3188	32
3189	30
3190	26
3191	22
3192	28
3193	22
3194	20
3195	21
3196	24
3197	24
3198	24
3199	28
3200	13
3201	26
3202	23
3203	20
3204	19
3205	27
3206	20
3207	21
3208	28
3209	20
3210	23
3211	23
3212	28
3213	29
3214	19
3215	18
3216	26
3217	29
3218	23
3219	23
3220	21
3221	21
3222	30
3223	26
3224	32
3225	31
3226	22
3227	24
3228	23
3229	25
3230	24
3231	31
3232	22
3233	20
3234	20
3235	27
3236	32
3237	23
3238	24
3239	31
3240	27
3241	32
3242	27
3243	23
3244	25
3245	29
3246	30
3247	29
3248	34
3249	26
3250	31
3251	27
3252	24
3253	32
3254	23
3255	30
3256	23
3257	32
3258	31
3259	22
3260	19
3261	33
3262	24
3263	27
3264	27
3265	27
3266	26
3267	25
3268	22
3269	26
3270	19
3271	24
3272	33
3273	22
3274	25
3275	20
3276	22
3277	22
3278	31
3279	31
3280	21
3281	18
3282	16
3283	28
3284	22
3285	27
3286	18
3287	18
3288	23
3289	28
3290	22
3291	25
3292	25
3293	26
3294	19
3295	23
3296	20
3297	27
3298	21
3299	14
3300	19
3301	24
3302	27
3303	22
3304	25
3305	28
3306	25
3307	26
3308	16
3309	20
3310	19
3311	24
3312	24
3313	25
3314	26
3315	25
3316	15
3317	22
3318	22
3319	24
3320	31
3321	22
3322	21
3323	26
3324	25
3325	23
3326	25
3327	18
3328	22
3329	28
3330	31
3331	37
3332	27
3333	30
3334	27
3335	28
3336	29
3337	21
3338	16
3339	27
3340	28
3341	23
3342	23
3343	22
3344	28
3345	29
3346	26
3347	30
3348	27
3349	20
3350	30
3351	19
3352	27
3353	22
3354	26
3355	33
3356	31
3357	27
3358	28
3359	32
3360	24
3361	26
3362	25
3363	28
3364	21
3365	25
3366	27
3367	22
3368	30
3369	26
3370	28
3371	21
3372	19
3373	28
3374	21
3375	32
3376	26
3377	34
3378	20
3379	22
3380	25
3381	30
3382	30
3383	20
3384	20
3385	29
3386	24
3387	25
3388	26
3389	32
3390	34
3391	27
3392	26
3393	30
3394	30
3395	32
3396	21
3397	26
3398	27
3399	30
3400	26
3401	22
3402	21
3403	31
3404	34
3405	29
3406	35
3407	26
3408	30
3409	25
3410	26
3411	22
3412	30
3413	34
3414	29
3415	28
3416	29
3417	34
3418	27
3419	26
3420	26
3421	30
3422	22
3423	23
3424	25
3425	24
3426	24
3427	24
3428	25
3429	29
3430	25
3431	31
3432	23
3433	19
3434	18
3435	23
3436	38
3437	29
3438	31
3439	40
3440	26
3441	31
3442	22
3443	28
3444	28
3445	26
3446	30
3447	28
3448	29
3449	17
3450	23
3451	31
3452	28
3453	17
3454	35
3455	23
3456	28
3457	20
3458	23
3459	25
3460	28
3461	27
3462	21
3463	23
3464	28
3465	23
3466	25
3467	23
3468	22
3469	15
3470	22
3471	19
3472	19
3473	23
3474	26
3475	26
3476	22
3477	23
3478	25
3479	23
3480	28
3481	20
3482	31
3483	23
3484	22
3485	24
3486	25
3487	21
3488	26
3489	22
3490	37
3491	17
3492	23
3493	19
3494	22
3495	30
3496	22
3497	25
3498	25
3499	19
3500	24
3501	23
3502	17
3503	20
3504	26
3505	28
3506	32
3507	26
3508	25
3509	24
3510	23
3511	28
3512	29
3513	21
3514	24
3515	23
3516	24
3517	22
3518	21
3519	22
3520	20
3521	27
3522	27
3523	30
3524	25
3525	28
3526	17
3527	30
3528	25
3529	29
3530	26
3531	34
3532	22
3533	28
3534	28
3535	26
3536	28
3537	24
3538	29
3539	28
3540	28
3541	20
3542	24
3543	28
3544	23
3545	23
3546	25
3547	23
3548	22
3549	24
3550	26
3551	19
3552	18
3553	30
3554	28
3555	26
3556	30
3557	27
3558	29
3559	21
3560	36
3561	23
3562	38
3563	24
3564	27
3565	28
3566	29
3567	23
3568	26
3569	22
3570	30
3571	30
3572	17
3573	30
3574	29
3575	31
3576	26
3577	22
3578	33
3579	38
3580	24
3581	25
3582	22
3583	23
3584	23
3585	30
3586	32
3587	23
3588	30
3589	27
3590	29
3591	27
3592	24
3593	26
3594	28
3595	23
3596	29
3597	22
3598	29
3599	29
3600	27
3601	20
3602	28
3603	31
3604	19
3605	17
3606	27
3607	23
3608	18
3609	26
3610	32
3611	20
3612	26
3613	21
3614	30
3615	32
3616	29
3617	20
3618	25
3619	25
3620	32
3621	20
3622	27
3623	17
3624	21
3625	22
3626	24
3627	20
3628	30
3629	24
3630	22
3631	27
3632	30
3633	30
3634	24
3635	32
3636	22
3637	19
3638	24
3639	29
3640	25
3641	23
3642	26
3643	25
3644	27
3645	24
3646	26
3647	28
3648	22
3649	26
3650	29
3651	29
3652	28
3653	24
3654	21
3655	32
3656	30
3657	19
3658	22
3659	25
3660	30
3661	24
3662	21
3663	27
3664	27
3665	21
3666	22
3667	20
3668	26
3669	22
3670	25
3671	19
3672	28
3673	25
3674	20
3675	30
3676	24
3677	21
3678	23
3679	20
3680	30
3681	21
3682	25
3683	19
3684	17
3685	22
3686	21
3687	28
3688	21
3689	17
3690	29
3691	20
3692	21
3693	22
3694	29
3695	25
3696	21
3697	22
3698	23
3699	28
3700	21
3701	24
3702	21
3703	19
3704	18
3705	21
3706	18
3707	25
3708	23
3709	23
3710	25
3711	19
3712	26
3713	20
3714	28
3715	33
3716	30
3717	28
3718	27
3719	18
3720	33
3721	28
3722	32
3723	26
3724	23
3725	24
3726	24
3727	29
3728	25
3729	18
3730	25
3731	29
3732	30
3733	27
3734	25
3735	25
3736	26
3737	24
3738	25
3739	23
3740	27
3741	24
3742	25
3743	28
3744	19
3745	21
3746	22
3747	22
3748	18
3749	24
3750	30
3751	23
3752	19
3753	29
3754	28
3755	24
3756	20
3757	22
3758	19
3759	26
3760	20
3761	20
3762	16
3763	18
3764	24
3765	20
3766	24
3767	24
3768	23
3769	19
3770	28
3771	26
3772	19
3773	23
3774	19
3775	26
3776	22
3777	19
3778	19
3779	23
3780	27
3781	21
3782	19
3783	26
3784	21
3785	17
3786	17
3787	25
3788	19
3789	19
3790	25
3791	25
3792	21
3793	18
3794	23
3795	22
3796	25
3797	15
3798	29
3799	29
3800	23
3801	18
3802	32
3803	27
3804	17
3805	21
3806	18
3807	27
3808	17
3809	21
3810	27
3811	23
3812	23
3813	23
3814	19
3815	21
3816	29
3817	21
3818	28
3819	20
3820	22
3821	19
3822	27
3823	21
3824	20
3825	22
3826	16
3827	19
3828	20
3829	23
3830	24
3831	24
3832	29
3833	23
3834	18
3835	19
3836	21
3837	24
3838	18
3839	19
3840	26
3841	17
3842	15
3843	14
3844	23
3845	21
3846	25
3847	29
3848	29
3849	18
3850	22
3851	25
3852	26
3853	20
3854	18
3855	20
3856	23
3857	25
3858	25
3859	16
3860	20
3861	26
3862	21
3863	14
3864	21
3865	17
3866	18
3867	28
3868	23
3869	24
3870	24
3871	15
3872	19
3873	15
3874	26
3875	22
3876	16
3877	23
3878	23
3879	21
3880	21
3881	14
3882	24
3883	21
3884	19
3885	18
3886	23
3887	20
3888	16
3889	22
3890	18
3891	24
3892	29
3893	22
3894	21
3895	22
3896	25
3897	21
3898	26
3899	16
3900	25
3901	23
3902	25
3903	24
3904	15
3905	27
3906	18
3907	22
3908	24
3909	19
3910	26
3911	23
3912	17
3913	22
3914	22
3915	21
3916	27
3917	28
3918	22
3919	14
3920	28
3921	23
3922	25
3923	19
3924	22
3925	22
3926	21
3927	24
3928	18
3929	20
3930	22
3931	18
3932	21
3933	25
3934	20
3935	27
3936	22
3937	23
3938	23
3939	21
3940	21
3941	17
3942	26
3943	25
3944	26
3945	19
3946	20
3947	24
3948	24
3949	27
3950	19
3951	20
3952	22
3953	19
3954	24
3955	28
3956	17
3957	25
3958	19
3959	22
3960	22
3961	25
3962	20
3963	19
3964	24
3965	23
3966	18
3967	18
3968	24
3969	28
3970	24
3971	22
3972	27
3973	15
3974	29
3975	32
3976	26
3977	17
3978	22
3979	22
3980	26
3981	28
3982	25
3983	23
3984	23
3985	27
3986	19
3987	26
3988	23
3989	23
3990	20
3991	27
3992	21
3993	22
3994	20
3995	21
3996	21
3997	23
3998	26
3999	22
4000	24
4001	32
4002	17
4003	31
4004	23
4005	18
4006	22
4007	23
4008	23
4009	14
4010	23
4011	16
4012	13
4013	16
4014	23
4015	18
4016	25
4017	22
4018	20
4019	17
4020	25
4021	20
4022	21
4023	14
4024	27
4025	22
4026	26
4027	22
4028	21
4029	19
4030	18
4031	17
4032	19
4033	20
4034	23
4035	17
4036	21
4037	21
4038	13
4039	25
4040	18
4041	19
4042	19
4043	19
4044	21
4045	22
4046	22
4047	20
4048	25
4049	18
4050	19
4051	20
4052	18
4053	19
4054	22
4055	18
4056	22
4057	20
4058	18
4059	19
4060	19
4061	25
4062	24
4063	15
4064	21
4065	16
4066	24
4067	21
4068	25
4069	16
4070	24
4071	21
4072	26
4073	16
4074	20
4075	22
4076	18
4077	15
4078	24
4079	21
4080	20
4081	27
4082	16
4083	24
4084	26
4085	22
4086	20
4087	15
4088	18
4089	28
4090	22
4091	21
4092	19
4093	19
4094	13
4095	27
4096	20
4097	19
4098	21
4099	22
4100	29
4101	17
4102	23
4103	22
4104	16
4105	17
4106	15
4107	22
4108	17
4109	20
4110	15
4111	18
4112	18
4113	18
4114	23
4115	22
4116	18
4117	22
4118	18
4119	27
4120	20
4121	25
4122	24
4123	16
4124	20
4125	18
4126	15
4127	23
4128	17
4129	20
4130	23
4131	21
4132	12
4133	21
4134	19
4135	16
4136	21
4137	17
4138	24
4139	19
4140	19
4141	18
4142	21
4143	22
4144	30
4145	17
4146	12
4147	25
4148	13
4149	20
4150	15
4151	20
4152	17
4153	18
4154	23
4155	14
4156	23
4157	17
4158	25
4159	12
4160	18
4161	19
4162	18
4163	20
4164	17
4165	24
4166	15
4167	22
4168	19
4169	20
4170	18
4171	21
4172	19
4173	13
4174	18
4175	16
4176	16
4177	17
4178	22
4179	19
4180	17
4181	14
4182	18
4183	20
4184	13
4185	21
4186	20
4187	18
4188	17
4189	19
4190	18
4191	21
4192	19
4193	17
4194	26
4195	19
4196	24
4197	15
4198	18
4199	22
4200	21
4201	20
4202	22
4203	19
4204	20
4205	13
4206	24
4207	23
4208	15
4209	24
4210	16
4211	23
4212	16
4213	17
4214	21
4215	20
4216	20
4217	13
4218	18
4219	18
4220	19
4221	17
4222	12
4223	11
4224	19
4225	20
4226	17
4227	25
4228	19
4229	17
4230	14
4231	18
4232	15
4233	15
4234	20
4235	18
4236	20
4237	9
4238	16
4239	12
4240	10
4241	15
4242	17
4243	20
4244	17
4245	20
4246	23
4247	25
4248	21
4249	21
4250	16
4251	17
4252	18
4253	18
4254	19
4255	21
4256	14
4257	16
4258	20
4259	23
4260	21
4261	17
4262	20
4263	15
4264	14
4265	16
4266	14
4267	15
4268	15
4269	20
4270	17
4271	23
4272	17
4273	16
4274	17
4275	16
4276	20
4277	25
4278	18
4279	24
4280	24
4281	18
4282	25
4283	18
4284	24
4285	18
4286	23
4287	20
4288	20
4289	28
4290	29
4291	18
4292	26
4293	21
4294	16
4295	23
4296	25
4297	20
4298	23
4299	22
4300	23
4301	25
4302	26
4303	25
4304	16
4305	18
4306	30
4307	28
4308	29
4309	22
4310	25
4311	23
4312	24
4313	22
4314	22
4315	17
4316	25
4317	21
4318	22
4319	20
4320	25
4321	29
4322	24
4323	24
4324	24
4325	19
4326	28
4327	19
4328	16
4329	21
4330	15
4331	20
4332	21
4333	19
4334	33
4335	21
4336	21
4337	19
4338	25
4339	21
4340	20
4341	18
4342	19
4343	26
4344	22
4345	23
4346	25
4347	26
4348	17
4349	18
4350	19
4351	22
4352	22
4353	19
4354	19
4355	20
4356	22
4357	19
4358	21
4359	25
4360	19
4361	21
4362	14
4363	24
4364	21
4365	24
4366	26
4367	15
4368	23
4369	29
4370	23
4371	25
4372	27
4373	26
4374	22
4375	28
4376	24
4377	23
4378	23
4379	27
4380	18
4381	20
4382	19
4383	23
4384	22
4385	27
4386	29
4387	23
4388	21
4389	27
4390	23
4391	21
4392	21
4393	21
4394	18
4395	28
4396	29
4397	18
4398	19
4399	18
4400	22
4401	23
4402	25
4403	20
4404	27
4405	21
4406	22
4407	24
4408	28
4409	18
4410	21
4411	18
4412	23
4413	21
4414	19
4415	18
4416	22
4417	25
4418	21
4419	18
4420	28
4421	20
4422	17
4423	25
4424	23
4425	16
4426	15
4427	20
4428	20
4429	17
4430	21
4431	19
4432	22
4433	21
4434	25
4435	21
4436	17
4437	24
4438	23
4439	17
4440	23
4441	17
4442	19
4443	19
4444	17
4445	15
4446	13
4447	18
4448	17
4449	18
4450	14
4451	23
4452	24
4453	19
4454	22
4455	22
4456	21
4457	22
4458	19
4459	17
4460	16
4461	17
4462	22
4463	14
4464	17
4465	22
4466	20
4467	16
4468	13
4469	27
4470	17
4471	18
4472	16
4473	17
4474	21
4475	15
4476	18
4477	24
4478	20
4479	12
4480	19
4481	24
4482	19
4483	23
4484	22
4485	24
4486	22
4487	19
4488	23
4489	21
4490	26
4491	23
4492	19
4493	16
4494	13
4495	21
4496	24
4497	20
4498	24
4499	24
4500	19
4501	18
4502	20
4503	11
4504	24
4505	19
4506	26
4507	25
4508	18
4509	15
4510	24
4511	15
4512	15
4513	20
4514	15
4515	23
4516	11
4517	17
4518	16
4519	21
4520	20
4521	20
4522	16
4523	13
4524	17
4525	23
4526	16
4527	16
4528	25
4529	16
4530	20
4531	22
4532	20
4533	26
4534	25
4535	18
4536	27
4537	19
4538	17
4539	20
4540	22
4541	24
4542	22
4543	14
4544	25
4545	14
4546	25
4547	25
4548	15
4549	27
4550	26
4551	21
4552	17
4553	16
4554	18
4555	21
4556	20
4557	15
4558	24
4559	16
4560	27
4561	23
4562	22
4563	18
4564	15
4565	20
4566	27
4567	23
4568	19
4569	26
4570	11
4571	16
4572	22
4573	14
4574	27
4575	26
4576	21
4577	22
4578	28
4579	18
4580	26
4581	19
4582	23
4583	21
4584	21
4585	24
4586	24
4587	26
4588	19
4589	21
4590	21
4591	21
4592	26
4593	22
4594	25
4595	24
4596	25
4597	18
4598	25
4599	25
4600	16
4601	22
4602	25
4603	19
4604	18
4605	21
4606	23
4607	20
4608	16
4609	22
4610	19
4611	24
4612	21
4613	15
4614	16
4615	18
4616	21
4617	18
4618	19
4619	19
4620	20
4621	17
4622	20
4623	26
4624	25
4625	17
4626	17
4627	20
4628	28
4629	22
4630	25
4631	22
4632	17
4633	19
4634	22
4635	20
4636	22
4637	16
4638	18
4639	23
4640	15
4641	28
4642	19
4643	21
4644	22
4645	20
4646	30
4647	16
4648	19
4649	22
4650	14
4651	24
4652	21
4653	20
4654	16
4655	17
4656	23
4657	29
4658	20
4659	24
4660	19
4661	30
4662	23
4663	22
4664	25
4665	22
4666	20
4667	13
4668	18
4669	24
4670	22
4671	20
4672	25
4673	27
4674	22
4675	21
4676	20
4677	29
4678	20
4679	18
4680	24
4681	20
4682	20
4683	22
4684	20
4685	25
4686	26
4687	22
4688	22
4689	22
4690	27
4691	27
4692	22
4693	20
4694	24
4695	15
4696	19
4697	19
4698	28
4699	25
4700	22
4701	21
4702	20
4703	16
4704	21
4705	20
4706	26
4707	30
4708	20
4709	21
4710	23
4711	23
4712	14
4713	17
4714	16
4715	21
4716	21
4717	16
4718	13
4719	22
4720	19
4721	21
4722	23
4723	20
4724	22
4725	27
4726	21
4727	24
4728	15
4729	17
4730	24
4731	24
4732	21
4733	21
4734	23
4735	21
4736	21
4737	20
4738	30
4739	22
4740	24
4741	26
4742	26
4743	25
4744	28
4745	19
4746	24
4747	22
4748	27
4749	18
4750	20
4751	17
4752	20
4753	26
4754	15
4755	21
4756	18
4757	26
4758	25
4759	27
4760	21
4761	24
4762	16
4763	24
4764	14
4765	24
4766	22
4767	21
4768	20
4769	21
4770	24
4771	26
4772	24
4773	22
4774	22
4775	20
4776	31
4777	33
4778	20
4779	21
4780	23
4781	16
4782	26
4783	17
4784	20
4785	22
4786	19
4787	22
4788	15
4789	20
4790	17
4791	20
4792	21
4793	17
4794	22
4795	24
4796	15
4797	11
4798	18
4799	21
4800	14
4801	18
4802	16
4803	18
4804	20
4805	19
4806	21
4807	18
4808	18
4809	17
4810	20
4811	20
4812	22
4813	23
4814	12
4815	15
4816	21
4817	14
4818	17
4819	22
4820	21
4821	19
4822	20
4823	22
4824	21
4825	19
4826	22
4827	21
4828	31
4829	24
4830	15
4831	14
4832	20
4833	25
4834	19
4835	24
4836	21
4837	14
4838	19
4839	20
4840	19
4841	27
4842	17
4843	23
4844	24
4845	15
4846	19
4847	18
4848	16
4849	23
4850	18
4851	19
4852	17
4853	20
4854	13
4855	15
4856	20
4857	18
4858	23
4859	27
4860	12
4861	19
4862	19
4863	20
4864	22
4865	17
4866	24
4867	22
4868	17
4869	19
4870	15
4871	20
4872	23
4873	24
4874	23
4875	20
4876	16
4877	22
4878	18
4879	18
4880	16
4881	19
4882	22
4883	21
4884	15
4885	17
4886	12
4887	17
4888	17
4889	14
4890	18
4891	20
4892	17
4893	21
4894	22
4895	18
4896	20
4897	24
4898	14
4899	16
4900	21
4901	19
4902	18
4903	19
4904	24
4905	26
4906	16
4907	28
4908	14
4909	12
4910	16
4911	20
4912	18
4913	14
4914	21
4915	14
4916	19
4917	19
4918	18
4919	15
4920	21
4921	16
4922	21
4923	19
4924	20
4925	18
4926	20
4927	19
4928	18
4929	19
4930	18
4931	16
4932	15
4933	23
4934	23
4935	18
4936	22
4937	27
4938	17
4939	16
4940	19
4941	19
4942	20
4943	21
4944	22
4945	22
4946	18
4947	20
4948	23
4949	17
4950	20
4951	18
4952	19
4953	22
4954	29
4955	24
4956	22
4957	22
4958	29
4959	17
4960	29
4961	26
4962	23
4963	21
4964	19
4965	18
4966	20
4967	21
4968	25
4969	21
4970	16
4971	21
4972	16
4973	19
4974	18
4975	23
4976	17
4977	22
4978	25
4979	25
4980	24
4981	19
4982	19
4983	21
4984	11
4985	15
4986	23
4987	20
4988	21
4989	18
4990	17
4991	20
4992	18
4993	25
4994	15
4995	24
4996	16
4997	23
4998	16
4999	16
5000	27
