#Frame   HB_00001[UU]
       1            0
       2            0
       3            0
       4            7
       5            6
       6           11
       7            8
       8            9
       9            6
      10           10
      11           11
      12           20
      13           11
      14           15
      15           18
      16           16
      17           21
      18           22
      19           24
      20           17
      21           24
      22           22
      23           19
      24           19
      25           24
      26           26
      27           26
      28           29
      29           29
      30           25
      31           26
      32           29
      33           26
      34           31
      35           31
      36           27
      37           27
      38           33
      39           27
      40           31
      41           29
      42           29
      43           23
      44           27
      45           26
      46           31
      47           35
      48           35
      49           31
      50           38
      51           28
      52           30
      53           28
      54           38
      55           29
      56           31
      57           27
      58           30
      59           25
      60           39
      61           30
      62           41
      63           31
      64           37
      65           42
      66           35
      67           37
      68           41
      69           35
      70           35
      71           32
      72           40
      73           42
      74           37
      75           35
      76           43
      77           35
      78           46
      79           51
      80           39
      81           44
      82           51
      83           38
      84           38
      85           44
      86           35
      87           40
      88           49
      89           42
      90           39
      91           40
      92           42
      93           46
      94           51
      95           40
      96           54
      97           46
      98           45
      99           44
     100           40
     101           51
     102           47
     103           41
     104           45
     105           37
     106           37
     107           35
     108           39
     109           42
     110           42
     111           44
     112           43
     113           43
     114           42
     115           46
     116           44
     117           51
     118           51
     119           49
     120           38
     121           46
     122           51
     123           42
     124           43
     125           41
     126           44
     127           48
     128           40
     129           46
     130           41
     131           44
     132           36
     133           37
     134           52
     135           46
     136           51
     137           47
     138           51
     139           47
     140           51
     141           53
     142           47
     143           45
     144           49
     145           53
     146           51
     147           55
     148           54
     149           50
     150           44
     151           45
     152           47
     153           59
     154           44
     155           51
     156           54
     157           62
     158           39
     159           50
     160           50
     161           54
     162           63
     163           48
     164           45
     165           48
     166           46
     167           52
     168           51
     169           44
     170           54
     171           60
     172           48
     173           56
     174           57
     175           60
     176           62
     177           60
     178           54
     179           64
     180           54
     181           58
     182           62
     183           65
     184           56
     185           58
     186           52
     187           49
     188           61
     189           58
     190           55
     191           61
     192           55
     193           59
     194           59
     195           46
     196           60
     197           63
     198           57
     199           57
     200           49
     201           53
     202           52
     203           58
     204           57
     205           66
     206           69
     207           64
     208           64
     209           54
     210           64
     211           65
     212           57
     213           60
     214           58
     215           64
     216           67
     217           58
     218           60
     219           62
     220           66
     221           59
     222           56
     223           59
     224           58
     225           61
     226           59
     227           65
     228           64
     229           66
     230           67
     231           67
     232           62
     233           60
     234           63
     235           67
     236           58
     237           63
     238           64
     239           63
     240           61
     241           60
     242           63
     243           66
     244           54
     245           59
     246           78
     247           68
     248           69
     249           63
     250           63
     251           62
     252           63
     253           66
     254           57
     255           69
     256           57
     257           62
     258           66
     259           70
     260           63
     261           60
     262           55
     263           62
     264           71
     265           66
     266           63
     267           60
     268           60
     269           67
     270           57
     271           60
     272           67
     273           65
     274           68
     275           67
     276           65
     277           65
     278           72
     279           78
     280           70
     281           65
     282           67
     283           64
     284           67
     285           67
     286           68
     287           70
     288           78
     289           71
     290           68
     291           60
     292           62
     293           73
     294           63
     295           63
     296           69
     297           75
     298           59
     299           65
     300           68
     301           82
     302           73
     303           74
     304           82
     305           69
     306           63
     307           69
     308           55
     309           80
     310           77
     311           71
     312           60
     313           74
     314           73
     315           55
     316           66
     317           57
     318           71
     319           69
     320           77
     321           70
     322           59
     323           51
     324           73
     325           64
     326           67
     327           72
     328           65
     329           79
     330           69
     331           68
     332           90
     333           89
     334           73
     335           86
     336           79
     337           77
     338           78
     339           80
     340           82
     341           83
     342           75
     343           74
     344           87
     345           74
     346           79
     347           65
     348           76
     349           75
     350           83
     351           77
     352           69
     353           78
     354           70
     355           78
     356           76
     357           77
     358           77
     359           78
     360           78
     361           73
     362           84
     363           64
     364           73
     365           77
     366           79
     367           81
     368           69
     369           76
     370           77
     371           89
     372           74
     373           71
     374           74
     375           74
     376           73
     377           71
     378           65
     379           74
     380           80
     381           72
     382           78
     383           73
     384           78
     385           78
     386           72
     387           66
     388           67
     389           70
     390           71
     391           68
     392           70
     393           73
     394           73
     395           83
     396           71
     397           81
     398           72
     399           78
     400           70
     401           69
     402           79
     403           64
     404           71
     405           70
     406           82
     407           75
     408           72
     409           71
     410           80
     411           79
     412           75
     413           76
     414           79
     415           78
     416           77
     417           91
     418           71
     419           75
     420           63
     421           79
     422           57
     423           73
     424           75
     425           87
     426           80
     427           78
     428           81
     429           76
     430           74
     431           79
     432           73
     433           75
     434           77
     435           74
     436           67
     437           77
     438           68
     439           83
     440           77
     441           81
     442           84
     443           79
     444           85
     445           72
     446           86
     447           85
     448           81
     449           72
     450           67
     451           74
     452           71
     453           77
     454           85
     455           84
     456           79
     457           77
     458           74
     459           87
     460           80
     461           74
     462           68
     463           73
     464           67
     465           75
     466           66
     467           77
     468           66
     469           67
     470           74
     471           69
     472           76
     473           77
     474           65
     475           73
     476           68
     477           68
     478           74
     479           67
     480           72
     481           70
     482           69
     483           65
     484           75
     485           76
     486           68
     487           69
     488           70
     489           72
     490           68
     491           67
     492           74
     493           72
     494           68
     495           79
     496           67
     497           70
     498           71
     499           69
     500           72
     501           62
     502           68
     503           70
     504           68
     505           70
     506           64
     507           84
     508           76
     509           73
     510           81
     511           76
     512           62
     513           86
     514           78
     515           72
     516           65
     517           76
     518           71
     519           64
     520           73
     521           70
     522           71
     523           74
     524           61
     525           59
     526           71
     527           68
     528           64
     529           75
     530           74
     531           75
     532           68
     533           78
     534           67
     535           70
     536           68
     537           68
     538           79
     539           80
     540           72
     541           75
     542           67
     543           72
     544           66
     545           81
     546           65
     547           66
     548           80
     549           78
     550           69
     551           65
     552           85
     553           73
     554           79
     555           70
     556           61
     557           69
     558           74
     559           70
     560           73
     561           65
     562           71
     563           66
     564           80
     565           76
     566           67
     567           73
     568           76
     569           75
     570           72
     571           77
     572           78
     573           82
     574           80
     575           85
     576           77
     577           77
     578           68
     579           89
     580           68
     581           80
     582           73
     583           69
     584           72
     585           63
     586           63
     587           79
     588           70
     589           75
     590           87
     591           77
     592           67
     593           80
     594           67
     595           89
     596           76
     597           71
     598           80
     599           83
     600           79
     601           77
     602           78
     603           80
     604           76
     605           80
     606           81
     607           79
     608           78
     609           77
     610           79
     611           78
     612           77
     613           85
     614           77
     615           79
     616           79
     617           88
     618           78
     619           85
     620           72
     621           77
     622           77
     623           88
     624           79
     625           80
     626           79
     627           74
     628           87
     629           77
     630           75
     631           90
     632           88
     633           89
     634           87
     635           72
     636           90
     637           82
     638           78
     639           78
     640           75
     641           75
     642           80
     643           84
     644           79
     645           78
     646           76
     647           90
     648           69
     649           90
     650           75
     651           69
     652           81
     653           84
     654           84
     655           68
     656           86
     657           80
     658           81
     659           79
     660           83
     661           76
     662           91
     663           84
     664           79
     665           81
     666           79
     667           93
     668           84
     669           95
     670           80
     671           77
     672           69
     673           78
     674           73
     675           70
     676           80
     677           67
     678           87
     679           76
     680           81
     681           82
     682           80
     683           89
     684           84
     685           80
     686           84
     687           84
     688           83
     689           75
     690           94
     691           64
     692           67
     693           89
     694           77
     695           76
     696           79
     697           81
     698           79
     699           82
     700           81
     701           81
     702           78
     703           77
     704           75
     705           84
     706           84
     707           79
     708           82
     709           76
     710           86
     711           80
     712           79
     713           77
     714           80
     715           84
     716           77
     717           79
     718           70
     719           74
     720           75
     721           76
     722           85
     723           88
     724           80
     725           79
     726           89
     727           78
     728           84
     729           81
     730           73
     731           79
     732           78
     733           83
     734           82
     735           85
     736           79
     737           79
     738           74
     739           83
     740           87
     741           78
     742           71
     743           80
     744           92
     745           82
     746           86
     747           82
     748           82
     749           85
     750           78
     751           82
     752           92
     753           89
     754           95
     755           89
     756           82
     757           86
     758           74
     759           81
     760           82
     761           79
     762           79
     763           75
     764           75
     765           81
     766           83
     767           75
     768           83
     769           67
     770           81
     771           84
     772           86
     773           81
     774           78
     775           78
     776           68
     777           83
     778           77
     779           86
     780           88
     781           89
     782           84
     783           66
     784           82
     785           81
     786           85
     787           76
     788           89
     789           77
     790           72
     791           77
     792           83
     793           75
     794           82
     795           86
     796           76
     797           81
     798           87
     799           80
     800           81
     801           81
     802           90
     803           96
     804           77
     805           83
     806           78
     807           75
     808           91
     809           76
     810           76
     811           85
     812           85
     813           71
     814           80
     815           78
     816           86
     817           93
     818           78
     819           93
     820           93
     821           88
     822           94
     823           95
     824           81
     825           83
     826           88
     827           83
     828           81
     829           76
     830           89
     831           86
     832           81
     833           89
     834           98
     835           96
     836           87
     837           82
     838           89
     839           89
     840           78
     841           77
     842           83
     843           80
     844           92
     845           91
     846           86
     847           84
     848           77
     849           86
     850           96
     851           86
     852           78
     853           81
     854           87
     855           87
     856           94
     857           88
     858           85
     859           78
     860           88
     861           79
     862           92
     863           85
     864           80
     865           89
     866           89
     867           88
     868           95
     869           95
     870           84
     871           82
     872           99
     873           97
     874           85
     875           90
     876           81
     877           94
     878           95
     879           95
     880           82
     881           95
     882           89
     883           88
     884           88
     885           68
     886           78
     887           74
     888           86
     889           78
     890           82
     891           80
     892           72
     893           74
     894           78
     895           91
     896           93
     897           74
     898           83
     899           89
     900           79
     901           78
     902           90
     903           81
     904           78
     905           77
     906           84
     907           82
     908           83
     909           81
     910           81
     911           84
     912           86
     913           87
     914           86
     915           80
     916           90
     917           91
     918           78
     919           82
     920           78
     921           72
     922           85
     923           71
     924           82
     925           86
     926           81
     927           85
     928           76
     929           68
     930           77
     931           83
     932           78
     933           83
     934           75
     935           82
     936           76
     937           90
     938           74
     939           85
     940           97
     941           79
     942           76
     943           81
     944           76
     945           83
     946           74
     947           75
     948           77
     949           92
     950           83
     951           77
     952           77
     953           73
     954           84
     955           82
     956           82
     957           75
     958           83
     959           85
     960           89
     961           82
     962           82
     963           82
     964           86
     965           78
     966           84
     967           77
     968           82
     969           85
     970           90
     971           92
     972           87
     973           82
     974           87
     975           86
     976           79
     977           88
     978           76
     979           82
     980           78
     981           85
     982           90
     983           89
     984           86
     985           81
     986           79
     987           84
     988           81
     989           82
     990           77
     991           88
     992           85
     993           76
     994           92
     995           76
     996           95
     997           91
     998           88
     999           81
    1000           74
    1001           81
    1002           80
    1003           81
    1004           97
    1005           78
    1006           75
    1007           79
    1008           87
    1009           77
    1010           76
    1011           82
    1012           78
    1013           84
    1014           81
    1015           76
    1016           85
    1017           79
    1018           75
    1019           86
    1020           77
    1021           78
    1022           75
    1023           77
    1024           78
    1025           79
    1026           85
    1027           91
    1028           80
    1029           77
    1030           85
    1031           68
    1032           79
    1033           75
    1034           79
    1035           92
    1036           77
    1037           75
    1038           71
    1039           78
    1040           84
    1041           84
    1042           82
    1043           74
    1044           79
    1045           83
    1046           86
    1047           77
    1048           85
    1049           86
    1050           87
    1051           94
    1052           81
    1053           85
    1054           81
    1055           81
    1056           75
    1057           76
    1058           80
    1059           75
    1060           72
    1061           73
    1062           78
    1063           75
    1064           73
    1065           76
    1066           73
    1067           77
    1068           76
    1069           79
    1070           81
    1071           82
    1072           77
    1073           72
    1074           75
    1075           80
    1076           88
    1077           78
    1078           84
    1079           90
    1080           82
    1081           82
    1082           90
    1083           77
    1084           85
    1085           81
    1086           76
    1087           77
    1088           79
    1089           80
    1090           84
    1091           75
    1092           85
    1093           80
    1094           74
    1095           83
    1096           85
    1097           80
    1098           83
    1099           81
    1100           77
    1101           83
    1102           87
    1103           85
    1104           88
    1105           83
    1106           74
    1107           82
    1108           89
    1109           83
    1110           87
    1111           74
    1112           86
    1113           85
    1114           76
    1115           80
    1116           83
    1117           83
    1118           81
    1119           86
    1120           79
    1121           93
    1122           78
    1123           84
    1124           84
    1125           87
    1126           92
    1127           86
    1128           93
    1129           98
    1130           94
    1131           92
    1132           89
    1133           78
    1134           86
    1135           92
    1136           84
    1137           90
    1138           93
    1139           83
    1140           87
    1141           84
    1142           90
    1143           92
    1144           84
    1145           92
    1146           99
    1147           76
    1148           90
    1149           82
    1150           85
    1151           81
    1152           94
    1153           84
    1154           81
    1155           88
    1156           83
    1157           82
    1158           83
    1159           86
    1160           85
    1161           77
    1162           86
    1163           83
    1164           74
    1165           87
    1166           83
    1167           88
    1168           88
    1169           88
    1170           86
    1171           92
    1172           91
    1173           90
    1174           89
    1175           83
    1176           88
    1177           84
    1178           85
    1179           97
    1180           90
    1181           90
    1182           79
    1183           90
    1184           85
    1185           93
    1186           90
    1187           74
    1188           88
    1189           90
    1190           91
    1191           82
    1192           83
    1193           89
    1194           90
    1195           85
    1196           83
    1197           90
    1198           89
    1199           88
    1200           89
    1201           97
    1202           77
    1203           80
    1204           92
    1205           88
    1206           92
    1207           93
    1208           88
    1209           84
    1210           82
    1211           83
    1212           85
    1213           84
    1214           82
    1215           79
    1216           86
    1217           89
    1218           85
    1219           93
    1220           91
    1221           98
    1222           81
    1223           88
    1224           96
    1225           92
    1226           82
    1227           75
    1228           85
    1229           82
    1230           90
    1231           93
    1232           81
    1233           77
    1234           76
    1235           73
    1236           82
    1237           82
    1238           76
    1239           86
    1240           69
    1241           85
    1242           87
    1243           84
    1244           81
    1245           87
    1246           83
    1247           92
    1248           98
    1249           91
    1250           82
    1251           89
    1252           83
    1253           83
    1254           96
    1255           84
    1256           83
    1257           83
    1258           93
    1259           87
    1260           84
    1261           88
    1262           75
    1263           85
    1264           92
    1265           85
    1266           96
    1267           88
    1268           94
    1269           97
    1270           86
    1271           97
    1272           80
    1273           81
    1274           81
    1275           92
    1276           97
    1277          105
    1278           96
    1279           94
    1280           91
    1281           94
    1282           86
    1283           95
    1284           84
    1285           94
    1286           99
    1287           84
    1288           83
    1289           85
    1290           93
    1291          107
    1292           93
    1293           85
    1294           93
    1295           84
    1296           89
    1297           90
    1298           88
    1299           94
    1300           93
    1301           85
    1302           85
    1303           90
    1304           90
    1305          101
    1306           94
    1307           89
    1308           96
    1309           86
    1310           93
    1311          107
    1312           95
    1313           98
    1314           90
    1315          103
    1316           94
    1317           99
    1318           83
    1319           91
    1320           83
    1321           87
    1322           85
    1323           82
    1324           85
    1325           82
    1326           81
    1327           92
    1328           93
    1329           92
    1330           79
    1331           86
    1332           87
    1333           86
    1334           80
    1335           89
    1336           97
    1337           95
    1338           92
    1339           97
    1340           83
    1341           91
    1342           96
    1343           92
    1344           90
    1345           91
    1346           90
    1347           93
    1348           86
    1349          103
    1350           95
    1351           98
    1352           91
    1353           86
    1354           97
    1355           78
    1356          100
    1357           80
    1358           91
    1359           82
    1360           73
    1361           97
    1362           83
    1363           92
    1364           97
    1365           86
    1366           98
    1367           96
    1368          107
    1369           86
    1370           92
    1371           91
    1372          100
    1373           89
    1374           96
    1375          101
    1376           89
    1377           88
    1378           97
    1379           97
    1380           90
    1381           91
    1382           96
    1383           92
    1384           95
    1385          103
    1386           96
    1387          104
    1388           92
    1389           91
    1390           90
    1391           83
    1392           83
    1393           99
    1394           86
    1395           90
    1396           87
    1397           86
    1398           81
    1399           76
    1400           83
    1401           84
    1402           93
    1403           87
    1404           92
    1405           85
    1406           96
    1407           87
    1408           93
    1409           94
    1410          101
    1411           97
    1412           77
    1413           89
    1414           97
    1415           87
    1416           89
    1417           99
    1418           90
    1419           85
    1420           82
    1421           94
    1422           89
    1423           83
    1424           90
    1425           81
    1426           89
    1427           86
    1428           87
    1429           81
    1430           92
    1431           78
    1432          104
    1433           92
    1434           81
    1435           79
    1436           75
    1437           85
    1438           78
    1439           72
    1440           81
    1441           71
    1442           85
    1443           84
    1444           82
    1445           82
    1446           78
    1447           83
    1448           70
    1449           83
    1450           85
    1451           78
    1452           79
    1453           82
    1454           92
    1455           81
    1456           86
    1457           87
    1458           85
    1459           91
    1460           96
    1461           68
    1462           91
    1463           82
    1464           78
    1465           87
    1466           83
    1467           83
    1468           82
    1469           83
    1470           86
    1471           82
    1472           86
    1473           87
    1474           74
    1475           95
    1476           84
    1477           78
    1478           88
    1479           85
    1480           92
    1481           79
    1482           78
    1483           95
    1484           79
    1485           88
    1486           82
    1487           74
    1488           92
    1489          103
    1490           87
    1491           81
    1492           84
    1493           76
    1494           91
    1495           93
    1496           88
    1497           88
    1498           90
    1499           94
    1500           91
    1501           92
    1502           97
    1503           93
    1504           98
    1505           93
    1506           90
    1507           98
    1508           84
    1509           94
    1510           99
    1511           93
    1512           86
    1513           89
    1514           84
    1515           98
    1516           89
    1517           85
    1518           88
    1519           90
    1520           85
    1521           91
    1522           86
    1523           89
    1524           88
    1525           91
    1526           92
    1527           84
    1528           91
    1529           87
    1530           90
    1531           96
    1532           87
    1533          101
    1534           83
    1535           93
    1536          100
    1537           88
    1538          100
    1539           89
    1540           84
    1541           97
    1542           90
    1543          102
    1544           86
    1545          104
    1546           93
    1547           80
    1548           86
    1549           78
    1550           83
    1551           89
    1552           93
    1553           80
    1554           94
    1555           88
    1556           95
    1557           85
    1558           82
    1559           84
    1560           95
    1561           88
    1562           87
    1563           93
    1564           83
    1565           97
    1566           82
    1567           90
    1568           80
    1569           87
    1570           89
    1571           88
    1572           91
    1573           79
    1574           79
    1575           80
    1576           93
    1577           81
    1578           77
    1579           78
    1580           83
    1581           87
    1582           74
    1583           84
    1584           82
    1585           83
    1586           81
    1587           82
    1588           91
    1589           93
    1590           83
    1591           93
    1592           89
    1593           91
    1594           85
    1595           83
    1596           95
    1597           79
    1598           85
    1599           73
    1600           92
    1601           90
    1602           88
    1603           82
    1604           87
    1605           87
    1606           88
    1607           82
    1608           78
    1609           90
    1610           92
    1611           77
    1612           85
    1613           81
    1614           85
    1615           95
    1616           73
    1617           83
    1618           87
    1619           90
    1620           86
    1621           94
    1622           82
    1623           93
    1624           87
    1625           83
    1626           97
    1627           88
    1628           91
    1629           85
    1630           92
    1631           88
    1632           88
    1633           86
    1634           88
    1635           89
    1636           81
    1637           76
    1638           90
    1639           85
    1640           86
    1641           77
    1642           85
    1643           83
    1644           93
    1645           91
    1646           81
    1647           90
    1648           95
    1649           90
    1650           71
    1651           79
    1652           89
    1653           85
    1654           87
    1655           94
    1656           95
    1657           87
    1658           92
    1659           92
    1660           87
    1661           94
    1662           88
    1663           92
    1664           87
    1665           86
    1666           85
    1667           94
    1668           82
    1669           79
    1670           80
    1671           83
    1672           84
    1673           91
    1674           82
    1675           78
    1676           83
    1677           93
    1678           93
    1679           80
    1680           86
    1681           84
    1682           92
    1683           85
    1684           80
    1685           83
    1686           81
    1687           90
    1688           85
    1689           75
    1690           79
    1691           91
    1692           83
    1693           87
    1694           93
    1695           91
    1696           95
    1697           87
    1698           82
    1699           86
    1700           93
    1701           88
    1702           79
    1703           84
    1704           85
    1705           88
    1706           86
    1707           79
    1708           79
    1709           82
    1710           70
    1711           89
    1712           85
    1713           89
    1714           92
    1715           84
    1716           74
    1717           85
    1718           86
    1719           80
    1720           82
    1721           89
    1722           84
    1723           80
    1724           83
    1725           80
    1726           90
    1727           86
    1728           77
    1729           76
    1730           76
    1731           75
    1732           73
    1733           81
    1734           83
    1735           87
    1736           92
    1737           88
    1738           86
    1739           86
    1740           93
    1741           76
    1742           98
    1743           87
    1744           94
    1745           89
    1746           83
    1747           86
    1748           92
    1749           86
    1750           83
    1751           75
    1752           76
    1753           80
    1754           84
    1755           90
    1756           92
    1757           95
    1758           87
    1759           81
    1760           85
    1761           84
    1762           93
    1763           84
    1764           92
    1765           93
    1766           90
    1767           97
    1768           97
    1769           89
    1770           78
    1771           79
    1772           88
    1773           81
    1774           83
    1775           82
    1776           71
    1777           91
    1778           92
    1779           82
    1780           92
    1781           89
    1782           87
    1783           80
    1784           87
    1785           92
    1786           77
    1787           74
    1788           76
    1789           87
    1790           96
    1791           93
    1792           80
    1793           89
    1794           90
    1795           82
    1796           86
    1797           67
    1798           88
    1799           81
    1800           87
    1801           85
    1802           92
    1803           92
    1804           78
    1805           82
    1806           77
    1807           90
    1808           75
    1809           93
    1810           88
    1811           79
    1812           83
    1813           84
    1814           74
    1815           85
    1816           87
    1817           93
    1818           85
    1819           94
    1820           82
    1821           81
    1822           90
    1823           83
    1824           85
    1825           80
    1826           83
    1827           95
    1828           70
    1829           89
    1830           83
    1831           92
    1832           84
    1833           98
    1834           84
    1835           73
    1836           91
    1837           84
    1838           88
    1839           86
    1840           77
    1841           91
    1842           91
    1843           86
    1844           87
    1845           91
    1846           82
    1847           93
    1848           87
    1849           94
    1850           72
    1851           85
    1852           82
    1853           70
    1854           81
    1855           84
    1856           85
    1857           84
    1858           90
    1859           85
    1860           81
    1861           89
    1862           81
    1863           77
    1864           83
    1865           87
    1866           96
    1867           91
    1868           79
    1869           93
    1870           88
    1871           83
    1872           77
    1873           78
    1874           83
    1875           80
    1876           80
    1877           82
    1878           80
    1879           86
    1880           89
    1881           72
    1882           83
    1883           95
    1884           90
    1885           82
    1886           91
    1887           85
    1888           89
    1889           88
    1890           89
    1891           87
    1892           84
    1893           86
    1894           92
    1895           85
    1896           74
    1897           85
    1898           88
    1899           84
    1900           81
    1901           78
    1902           86
    1903           87
    1904           87
    1905           94
    1906           83
    1907           89
    1908           85
    1909           90
    1910           90
    1911           88
    1912           83
    1913           86
    1914           77
    1915           79
    1916           78
    1917           86
    1918           87
    1919           80
    1920           79
    1921           77
    1922           84
    1923           89
    1924           83
    1925           96
    1926           87
    1927           93
    1928           79
    1929           91
    1930           78
    1931           85
    1932           86
    1933           78
    1934           79
    1935           75
    1936           83
    1937           82
    1938           77
    1939           89
    1940           84
    1941           72
    1942           79
    1943           81
    1944           83
    1945           81
    1946           76
    1947           90
    1948           75
    1949           81
    1950           76
    1951           86
    1952           90
    1953           77
    1954           81
    1955           86
    1956           81
    1957           75
    1958           72
    1959           72
    1960           83
    1961           75
    1962           88
    1963           91
    1964           73
    1965           76
    1966           83
    1967           74
    1968           77
    1969           90
    1970           81
    1971           89
    1972           80
    1973           83
    1974           76
    1975           90
    1976           86
    1977           91
    1978           83
    1979           91
    1980           85
    1981           79
    1982           78
    1983           82
    1984           83
    1985           80
    1986           91
    1987           98
    1988           84
    1989           84
    1990           83
    1991           92
    1992           88
    1993           96
    1994           77
    1995           83
    1996           88
    1997           88
    1998           82
    1999           81
    2000           83
    2001           80
    2002           87
    2003           73
    2004           80
    2005           77
    2006           86
    2007           87
    2008           89
    2009           79
    2010           84
    2011           84
    2012           83
    2013           77
    2014           85
    2015           82
    2016           84
    2017           94
    2018           84
    2019           84
    2020           82
    2021           75
    2022           86
    2023           90
    2024           83
    2025           87
    2026           81
    2027           79
    2028           92
    2029           65
    2030           77
    2031           89
    2032           78
    2033           80
    2034           88
    2035           70
    2036           78
    2037           97
    2038           85
    2039           90
    2040           76
    2041           86
    2042           87
    2043           97
    2044           84
    2045           84
    2046           86
    2047           82
    2048           91
    2049           87
    2050           89
    2051           91
    2052           90
    2053           91
    2054           87
    2055           85
    2056           90
    2057           83
    2058           92
    2059           85
    2060          100
    2061           87
    2062           90
    2063           92
    2064          100
    2065           90
    2066           96
    2067           94
    2068           83
    2069           91
    2070           88
    2071           95
    2072           80
    2073           86
    2074           90
    2075           87
    2076           93
    2077           90
    2078           96
    2079           84
    2080           89
    2081           90
    2082           98
    2083           97
    2084           99
    2085           88
    2086           91
    2087           89
    2088           84
    2089          101
    2090           85
    2091           87
    2092           91
    2093          105
    2094           83
    2095          100
    2096           98
    2097           98
    2098           90
    2099           88
    2100           88
    2101           88
    2102           94
    2103           90
    2104           87
    2105           91
    2106          105
    2107          102
    2108           93
    2109          110
    2110           97
    2111          107
    2112           99
    2113          106
    2114           81
    2115           94
    2116           94
    2117           86
    2118           87
    2119           98
    2120          101
    2121           94
    2122           98
    2123          100
    2124          103
    2125          108
    2126          100
    2127          100
    2128           96
    2129           96
    2130           97
    2131          104
    2132           98
    2133           96
    2134           96
    2135           91
    2136          106
    2137          108
    2138          101
    2139          101
    2140           98
    2141           97
    2142          102
    2143           99
    2144           98
    2145           99
    2146           97
    2147           90
    2148           88
    2149          108
    2150           97
    2151          107
    2152          102
    2153          100
    2154          100
    2155           99
    2156           94
    2157          102
    2158           91
    2159          111
    2160           94
    2161           98
    2162          105
    2163           85
    2164          104
    2165           96
    2166           91
    2167           83
    2168           81
    2169           89
    2170           95
    2171          100
    2172           91
    2173           96
    2174           88
    2175           99
    2176           96
    2177           96
    2178           98
    2179           77
    2180           92
    2181           98
    2182           92
    2183           94
    2184          106
    2185           86
    2186           93
    2187           90
    2188           99
    2189           87
    2190           91
    2191          105
    2192           98
    2193           98
    2194           97
    2195          111
    2196           97
    2197           98
    2198           89
    2199           86
    2200           94
    2201           88
    2202           89
    2203          103
    2204           92
    2205           91
    2206          101
    2207          107
    2208           91
    2209          107
    2210           94
    2211          101
    2212           98
    2213          102
    2214           96
    2215           96
    2216           94
    2217          104
    2218           96
    2219           97
    2220          104
    2221           95
    2222           93
    2223           94
    2224          103
    2225           98
    2226           95
    2227          100
    2228          111
    2229          104
    2230           96
    2231          102
    2232          105
    2233          104
    2234           99
    2235           95
    2236          105
    2237          103
    2238           93
    2239           98
    2240           98
    2241          104
    2242          111
    2243          102
    2244           93
    2245           99
    2246          106
    2247           92
    2248           97
    2249           98
    2250           97
    2251           99
    2252           90
    2253          105
    2254           96
    2255           99
    2256          100
    2257          104
    2258          100
    2259          100
    2260           93
    2261           94
    2262           98
    2263          106
    2264           87
    2265          100
    2266           94
    2267           94
    2268           99
    2269          105
    2270           96
    2271          102
    2272          110
    2273           97
    2274          101
    2275           87
    2276           94
    2277           90
    2278          109
    2279          104
    2280           98
    2281          103
    2282           96
    2283           92
    2284           96
    2285           97
    2286          104
    2287          105
    2288           97
    2289           91
    2290           99
    2291           99
    2292           93
    2293          102
    2294           90
    2295           94
    2296           99
    2297           93
    2298           99
    2299           84
    2300          104
    2301           86
    2302           93
    2303          104
    2304           99
    2305          115
    2306           97
    2307           96
    2308          104
    2309           92
    2310          110
    2311          101
    2312          100
    2313          100
    2314           98
    2315          102
    2316          100
    2317          102
    2318          108
    2319           94
    2320           95
    2321           96
    2322           94
    2323          100
    2324           95
    2325           97
    2326           91
    2327           90
    2328           99
    2329           86
    2330          103
    2331           92
    2332           91
    2333           95
    2334           96
    2335           95
    2336           99
    2337           93
    2338           98
    2339           98
    2340           94
    2341           94
    2342           91
    2343           87
    2344          107
    2345           92
    2346           97
    2347           97
    2348           90
    2349          101
    2350          101
    2351           96
    2352           91
    2353           87
    2354           94
    2355          101
    2356          101
    2357           87
    2358           90
    2359           79
    2360           80
    2361           99
    2362           96
    2363           94
    2364           91
    2365           97
    2366           96
    2367          103
    2368           99
    2369           98
    2370           89
    2371           93
    2372           92
    2373           91
    2374          101
    2375           94
    2376           87
    2377           90
    2378           91
    2379           98
    2380           91
    2381           92
    2382           91
    2383           88
    2384           91
    2385          103
    2386           92
    2387           92
    2388           96
    2389           99
    2390           96
    2391           91
    2392           97
    2393           84
    2394           94
    2395           97
    2396           90
    2397           92
    2398           91
    2399          101
    2400           99
    2401           82
    2402           89
    2403           83
    2404           79
    2405           90
    2406           85
    2407           81
    2408           89
    2409          101
    2410           85
    2411           85
    2412           96
    2413           86
    2414           88
    2415           91
    2416           93
    2417           84
    2418           81
    2419           91
    2420          101
    2421           98
    2422           97
    2423           95
    2424           94
    2425           89
    2426           95
    2427           91
    2428           94
    2429           90
    2430           96
    2431           97
    2432          101
    2433           96
    2434           91
    2435           96
    2436           85
    2437           84
    2438           87
    2439           97
    2440           93
    2441           90
    2442           94
    2443           86
    2444           94
    2445           97
    2446           80
    2447           92
    2448           91
    2449           91
    2450           91
    2451           95
    2452           87
    2453           89
    2454           85
    2455           88
    2456           97
    2457          107
    2458           77
    2459           94
    2460          101
    2461          102
    2462           83
    2463           99
    2464           98
    2465           90
    2466           98
    2467          106
    2468           92
    2469           92
    2470           85
    2471           91
    2472          102
    2473           98
    2474           95
    2475           98
    2476           99
    2477          100
    2478           95
    2479           90
    2480           85
    2481           93
    2482           87
    2483           96
    2484           99
    2485           91
    2486           84
    2487           92
    2488           94
    2489           98
    2490           96
    2491           96
    2492          102
    2493           98
    2494          101
    2495           92
    2496           98
    2497           94
    2498           96
    2499           98
    2500          101
    2501           98
    2502           99
    2503           94
    2504           80
    2505           96
    2506           94
    2507           97
    2508           89
    2509           89
    2510           93
    2511           98
    2512           93
    2513          101
    2514           99
    2515           92
    2516           95
    2517           93
    2518           96
    2519          100
    2520           91
    2521           97
    2522          103
    2523           92
    2524          107
    2525           97
    2526           91
    2527           97
    2528          100
    2529           92
    2530          100
    2531           97
    2532           99
    2533           99
    2534          101
    2535           87
    2536           88
    2537           87
    2538           93
    2539           77
    2540           91
    2541          104
    2542           97
    2543           94
    2544           84
    2545           68
    2546           97
    2547           93
    2548           97
    2549           99
    2550           92
    2551          107
    2552           97
    2553           87
    2554           78
    2555           89
    2556           83
    2557          106
    2558           95
    2559           92
    2560          100
    2561          100
    2562           96
    2563           91
    2564           99
    2565           82
    2566           82
    2567           91
    2568           86
    2569           88
    2570           94
    2571           97
    2572           81
    2573           95
    2574           90
    2575           99
    2576           90
    2577           91
    2578           90
    2579           75
    2580           82
    2581           92
    2582           88
    2583           92
    2584           86
    2585           88
    2586           80
    2587          102
    2588           87
    2589           94
    2590           85
    2591           90
    2592           92
    2593          101
    2594           94
    2595           92
    2596           92
    2597           87
    2598           88
    2599           91
    2600           93
    2601           92
    2602           97
    2603           83
    2604           94
    2605           95
    2606           87
    2607           74
    2608           91
    2609           92
    2610           86
    2611           89
    2612           93
    2613           92
    2614           89
    2615           83
    2616          100
    2617           90
    2618           87
    2619           98
    2620           99
    2621           98
    2622           91
    2623           99
    2624           96
    2625           81
    2626           88
    2627           88
    2628           96
    2629           90
    2630          101
    2631           91
    2632           99
    2633           96
    2634           92
    2635           99
    2636           93
    2637           95
    2638           94
    2639           87
    2640           82
    2641           99
    2642           91
    2643          103
    2644           90
    2645           95
    2646           97
    2647          100
    2648          100
    2649           90
    2650           93
    2651           88
    2652           91
    2653           91
    2654           90
    2655           98
    2656          112
    2657           90
    2658           94
    2659           89
    2660          102
    2661           93
    2662           98
    2663           92
    2664           82
    2665           85
    2666          102
    2667           94
    2668           96
    2669           97
    2670           94
    2671           98
    2672           98
    2673           95
    2674          103
    2675           93
    2676           99
    2677          101
    2678           99
    2679           94
    2680           92
    2681           91
    2682           92
    2683           93
    2684          100
    2685           87
    2686           93
    2687           94
    2688           91
    2689           94
    2690           97
    2691           93
    2692           99
    2693           98
    2694           92
    2695          100
    2696          103
    2697           97
    2698           91
    2699           97
    2700           98
    2701          113
    2702           91
    2703          104
    2704          113
    2705          101
    2706           88
    2707           96
    2708          110
    2709           97
    2710          105
    2711          108
    2712           97
    2713          101
    2714          100
    2715           94
    2716          107
    2717           99
    2718          114
    2719           96
    2720          105
    2721           98
    2722          105
    2723           95
    2724           94
    2725          104
    2726          104
    2727          102
    2728           98
    2729          108
    2730          103
    2731           99
    2732          103
    2733          106
    2734           97
    2735          101
    2736          107
    2737          100
    2738          100
    2739           97
    2740          103
    2741           99
    2742           93
    2743          106
    2744          105
    2745          107
    2746          107
    2747          107
    2748          108
    2749          108
    2750          106
    2751          102
    2752          102
    2753           99
    2754          102
    2755          102
    2756          108
    2757           93
    2758          106
    2759           97
    2760           87
    2761           94
    2762           91
    2763          104
    2764           95
    2765          105
    2766          101
    2767          102
    2768          101
    2769          113
    2770          104
    2771           93
    2772          103
    2773          102
    2774           94
    2775          112
    2776          105
    2777          112
    2778          114
    2779          105
    2780          102
    2781          115
    2782          114
    2783          112
    2784          109
    2785          111
    2786          107
    2787          101
    2788          100
    2789          105
    2790          107
    2791          115
    2792          104
    2793          108
    2794          100
    2795          102
    2796          109
    2797           98
    2798          102
    2799          102
    2800           94
    2801           95
    2802          110
    2803          101
    2804           90
    2805          100
    2806          111
    2807          110
    2808          108
    2809          101
    2810          105
    2811          108
    2812          112
    2813           95
    2814          100
    2815          116
    2816           98
    2817          100
    2818          102
    2819           94
    2820          108
    2821          106
    2822          103
    2823          100
    2824          106
    2825          109
    2826          101
    2827          104
    2828           99
    2829          105
    2830           94
    2831           89
    2832          101
    2833          113
    2834          103
    2835          112
    2836           95
    2837          100
    2838          107
    2839          106
    2840          102
    2841          111
    2842          102
    2843          106
    2844          101
    2845          104
    2846          102
    2847          107
    2848          103
    2849          101
    2850          100
    2851          105
    2852          102
    2853          103
    2854           99
    2855          105
    2856           95
    2857          104
    2858           86
    2859           91
    2860          105
    2861           90
    2862           97
    2863          103
    2864           94
    2865          110
    2866          105
    2867          108
    2868           94
    2869          100
    2870          104
    2871          106
    2872          110
    2873           97
    2874          101
    2875           93
    2876           96
    2877          108
    2878          111
    2879           98
    2880          100
    2881           85
    2882           94
    2883          101
    2884          107
    2885          100
    2886           99
    2887          105
    2888          107
    2889          102
    2890          102
    2891          113
    2892          105
    2893           99
    2894           96
    2895          104
    2896          106
    2897          106
    2898          106
    2899          105
    2900          105
    2901           98
    2902           97
    2903          106
    2904          116
    2905          110
    2906          111
    2907          106
    2908          112
    2909          103
    2910          102
    2911          104
    2912          109
    2913          103
    2914           99
    2915          104
    2916          114
    2917          102
    2918           98
    2919          107
    2920          109
    2921          106
    2922          106
    2923           93
    2924          102
    2925          103
    2926          117
    2927           97
    2928          111
    2929          101
    2930          100
    2931          105
    2932          111
    2933           99
    2934          105
    2935          108
    2936          115
    2937           88
    2938          110
    2939          106
    2940           97
    2941          104
    2942          110
    2943          107
    2944          107
    2945          105
    2946          107
    2947          112
    2948           95
    2949          102
    2950           96
    2951          112
    2952           99
    2953          109
    2954          121
    2955           91
    2956          111
    2957           98
    2958          101
    2959          112
    2960          112
    2961           98
    2962          113
    2963           98
    2964           95
    2965           97
    2966           90
    2967          102
    2968          110
    2969           93
    2970          112
    2971          119
    2972          106
    2973          103
    2974          103
    2975          102
    2976          102
    2977          106
    2978           98
    2979          102
    2980           94
    2981          105
    2982          101
    2983           90
    2984          105
    2985          111
    2986          102
    2987          123
    2988          110
    2989          104
    2990          101
    2991          108
    2992          105
    2993          113
    2994           94
    2995          103
    2996          101
    2997          101
    2998           98
    2999          107
    3000           91
    3001          100
    3002           93
    3003           96
    3004           97
    3005          102
    3006           94
    3007          109
    3008          107
    3009           98
    3010          104
    3011          103
    3012           96
    3013          104
    3014           99
    3015           88
    3016          107
    3017          102
    3018          103
    3019          105
    3020           93
    3021           93
    3022           90
    3023           95
    3024           95
    3025          105
    3026           99
    3027           91
    3028           93
    3029           99
    3030          101
    3031          104
    3032           98
    3033          103
    3034           99
    3035           97
    3036          106
    3037          101
    3038          100
    3039          108
    3040           97
    3041           93
    3042          108
    3043          100
    3044          101
    3045          104
    3046           99
    3047           93
    3048          103
    3049           92
    3050           93
    3051          103
    3052           94
    3053           92
    3054          109
    3055          103
    3056          103
    3057           98
    3058           91
    3059          109
    3060          105
    3061          110
    3062          103
    3063          107
    3064          117
    3065           95
    3066          101
    3067          100
    3068          109
    3069          102
    3070          103
    3071          102
    3072           98
    3073          104
    3074           98
    3075           93
    3076          100
    3077          100
    3078          102
    3079           96
    3080          103
    3081           95
    3082          104
    3083          100
    3084          106
    3085          101
    3086          100
    3087          102
    3088           97
    3089           92
    3090           99
    3091          104
    3092           93
    3093           98
    3094           90
    3095          110
    3096           97
    3097          109
    3098          104
    3099          102
    3100          117
    3101           99
    3102          100
    3103           83
    3104          101
    3105           89
    3106           95
    3107           91
    3108          103
    3109          108
    3110          100
    3111          103
    3112           99
    3113          103
    3114          104
    3115          105
    3116          107
    3117           92
    3118           93
    3119          101
    3120           98
    3121          100
    3122          102
    3123           95
    3124          103
    3125           99
    3126           91
    3127           99
    3128          100
    3129          106
    3130           89
    3131          101
    3132           94
    3133           99
    3134          103
    3135           97
    3136           92
    3137          107
    3138          101
    3139           95
    3140          101
    3141          103
    3142          114
    3143           97
    3144           94
    3145          107
    3146          107
    3147          109
    3148          119
    3149          119
    3150          104
    3151          100
    3152          114
    3153          115
    3154          106
    3155          102
    3156          108
    3157           91
    3158          102
    3159          102
    3160          100
    3161          109
    3162           94
    3163          103
    3164           99
    3165          109
    3166          106
    3167          108
    3168          107
    3169           97
    3170          107
    3171          102
    3172          102
    3173           97
    3174          100
    3175          109
    3176           99
    3177           98
    3178           98
    3179           94
    3180          103
    3181          103
    3182          100
    3183           95
    3184          109
    3185          110
    3186          104
    3187          103
    3188           88
    3189           97
    3190           98
    3191          102
    3192           98
    3193          102
    3194          103
    3195           97
    3196          101
    3197           99
    3198          109
    3199          100
    3200          104
    3201          101
    3202          107
    3203           96
    3204           99
    3205          106
    3206          100
    3207          111
    3208          100
    3209          105
    3210           97
    3211          102
    3212          103
    3213           95
    3214          108
    3215          101
    3216          103
    3217           86
    3218           97
    3219          105
    3220           95
    3221          102
    3222          100
    3223          104
    3224           99
    3225          104
    3226          102
    3227          100
    3228          100
    3229          104
    3230          102
    3231           97
    3232           97
    3233          104
    3234          115
    3235          109
    3236          106
    3237          113
    3238           96
    3239          105
    3240          108
    3241          101
    3242           99
    3243          104
    3244          106
    3245          107
    3246          106
    3247           99
    3248          107
    3249          110
    3250          103
    3251           96
    3252           96
    3253           97
    3254          111
    3255          103
    3256           92
    3257          104
    3258          108
    3259          104
    3260          107
    3261          101
    3262          109
    3263          108
    3264          108
    3265          104
    3266          116
    3267          112
    3268          106
    3269          107
    3270           96
    3271           91
    3272          106
    3273          104
    3274          103
    3275          104
    3276          103
    3277          124
    3278          111
    3279          101
    3280          106
    3281          103
    3282          100
    3283          108
    3284           98
    3285          111
    3286           90
    3287          107
    3288          105
    3289          101
    3290          109
    3291           98
    3292          100
    3293           95
    3294          100
    3295          102
    3296           89
    3297          109
    3298          104
    3299           99
    3300          109
    3301           99
    3302           97
    3303           92
    3304          110
    3305          104
    3306           95
    3307          100
    3308          108
    3309          101
    3310          100
    3311          111
    3312           94
    3313          100
    3314           97
    3315           92
    3316          105
    3317           95
    3318          101
    3319           92
    3320           90
    3321          111
    3322           98
    3323           97
    3324           97
    3325           99
    3326          113
    3327           98
    3328          101
    3329          111
    3330           92
    3331          103
    3332          107
    3333           98
    3334           98
    3335          117
    3336          109
    3337          119
    3338           87
    3339           94
    3340          105
    3341          100
    3342          106
    3343          104
    3344           95
    3345          110
    3346           95
    3347          109
    3348           94
    3349          100
    3350          107
    3351          103
    3352          100
    3353           90
    3354          105
    3355          103
    3356           96
    3357           97
    3358           97
    3359           93
    3360          103
    3361          116
    3362          113
    3363          108
    3364           99
    3365          118
    3366           92
    3367          101
    3368          104
    3369          117
    3370          107
    3371           99
    3372           94
    3373          106
    3374          108
    3375           96
    3376          109
    3377          109
    3378           95
    3379          105
    3380          105
    3381          104
    3382           94
    3383           96
    3384          110
    3385           98
    3386          106
    3387          102
    3388          110
    3389          108
    3390          110
    3391          103
    3392           94
    3393          101
    3394           98
    3395          105
    3396          103
    3397           99
    3398           87
    3399           87
    3400          100
    3401           95
    3402           99
    3403          104
    3404          100
    3405           85
    3406           84
    3407           89
    3408           96
    3409           92
    3410           88
    3411           90
    3412           93
    3413           92
    3414           85
    3415           86
    3416           93
    3417           88
    3418           96
    3419           89
    3420           95
    3421          107
    3422          107
    3423           98
    3424          100
    3425          103
    3426           96
    3427           94
    3428          104
    3429          105
    3430           99
    3431          100
    3432           97
    3433          100
    3434           99
    3435           93
    3436           87
    3437           99
    3438           93
    3439          107
    3440          106
    3441          102
    3442          102
    3443           98
    3444           88
    3445           84
    3446           97
    3447           99
    3448          109
    3449          103
    3450          104
    3451          107
    3452           93
    3453           96
    3454          106
    3455           98
    3456           97
    3457           91
    3458          112
    3459          101
    3460          109
    3461          102
    3462          110
    3463           98
    3464          105
    3465          105
    3466          100
    3467           98
    3468           98
    3469          101
    3470           95
    3471           98
    3472          103
    3473           93
    3474          102
    3475          100
    3476          103
    3477          100
    3478           85
    3479           92
    3480          106
    3481           99
    3482           99
    3483          105
    3484          110
    3485           94
    3486           90
    3487           92
    3488          106
    3489          104
    3490          101
    3491           98
    3492          104
    3493           94
    3494          101
    3495          107
    3496           98
    3497           99
    3498          102
    3499           97
    3500          107
    3501          112
    3502          115
    3503          114
    3504          102
    3505          110
    3506          115
    3507          100
    3508          108
    3509          105
    3510           99
    3511           99
    3512          104
    3513          103
    3514          104
    3515           95
    3516           97
    3517          107
    3518          100
    3519          105
    3520          105
    3521          105
    3522           98
    3523          100
    3524           96
    3525          109
    3526           99
    3527           98
    3528           97
    3529          104
    3530          107
    3531           95
    3532           98
    3533          101
    3534          101
    3535           96
    3536          104
    3537          108
    3538           97
    3539           99
    3540           97
    3541           98
    3542          111
    3543           94
    3544          106
    3545          114
    3546          100
    3547           97
    3548           92
    3549           97
    3550          101
    3551           97
    3552          102
    3553          102
    3554          105
    3555           87
    3556          100
    3557          100
    3558           99
    3559          102
    3560           90
    3561           86
    3562          103
    3563           82
    3564          112
    3565          101
    3566           91
    3567          107
    3568           96
    3569           98
    3570          103
    3571           91
    3572          100
    3573           95
    3574           93
    3575          104
    3576          101
    3577           99
    3578          100
    3579          102
    3580           92
    3581          108
    3582          110
    3583          105
    3584           98
    3585           97
    3586          106
    3587          111
    3588          111
    3589          110
    3590           98
    3591          104
    3592           96
    3593          105
    3594           96
    3595           95
    3596          101
    3597          111
    3598          108
    3599           99
    3600          103
    3601          102
    3602          103
    3603          103
    3604          103
    3605          100
    3606          103
    3607           96
    3608          112
    3609          100
    3610          102
    3611          108
    3612          100
    3613          107
    3614           89
    3615          104
    3616          113
    3617           97
    3618          102
    3619           92
    3620          113
    3621           98
    3622          102
    3623          108
    3624           98
    3625          105
    3626           95
    3627           97
    3628           96
    3629          110
    3630          101
    3631          102
    3632           98
    3633           90
    3634          108
    3635          104
    3636          107
    3637           97
    3638           93
    3639           95
    3640           93
    3641           95
    3642          100
    3643           92
    3644          101
    3645          106
    3646          106
    3647          108
    3648          103
    3649          104
    3650          113
    3651           95
    3652           98
    3653          108
    3654          100
    3655          101
    3656          105
    3657          105
    3658           97
    3659           96
    3660          101
    3661          101
    3662           99
    3663          100
    3664           99
    3665          103
    3666           87
    3667           90
    3668          108
    3669          107
    3670          108
    3671           86
    3672          100
    3673          111
    3674          106
    3675           93
    3676           92
    3677           93
    3678           94
    3679           93
    3680           96
    3681          100
    3682          106
    3683          102
    3684           97
    3685           96
    3686           88
    3687          101
    3688           88
    3689           91
    3690          107
    3691          101
    3692          101
    3693           99
    3694           98
    3695           96
    3696           98
    3697           91
    3698           96
    3699          100
    3700           89
    3701          100
    3702           94
    3703          100
    3704           95
    3705          100
    3706           91
    3707           97
    3708           92
    3709           97
    3710           89
    3711           91
    3712           83
    3713           90
    3714          103
    3715           92
    3716           99
    3717          101
    3718           94
    3719           84
    3720           94
    3721           94
    3722          102
    3723           96
    3724          100
    3725          102
    3726          101
    3727           95
    3728           94
    3729          101
    3730           90
    3731          108
    3732           93
    3733          100
    3734          103
    3735          103
    3736           99
    3737           84
    3738           98
    3739           95
    3740           97
    3741           98
    3742          102
    3743           97
    3744           97
    3745           99
    3746           90
    3747          102
    3748           85
    3749           90
    3750           93
    3751           94
