frame	intra_count
0	0
1	2
2	6
3	8
4	5
5	7
6	7
7	5
8	7
9	6
10	5
11	4
12	4
13	6
14	14
15	6
16	9
17	9
18	13
19	10
20	9
21	16
22	11
23	11
24	11
25	5
26	9
27	10
28	13
29	15
30	18
31	14
32	17
33	15
34	17
35	19
36	20
37	13
38	18
39	12
40	14
41	11
42	12
43	15
44	17
45	11
46	12
47	17
48	8
49	19
50	18
51	21
52	27
53	21
54	21
55	18
56	19
57	15
58	16
59	22
60	22
61	22
62	25
63	21
64	21
65	27
66	22
67	24
68	17
69	17
70	21
71	19
72	17
73	21
74	15
75	22
76	18
77	29
78	18
79	16
80	17
81	21
82	20
83	19
84	20
85	23
86	18
87	23
88	20
89	27
90	27
91	29
92	23
93	12
94	18
95	25
96	26
97	24
98	24
99	23
100	16
101	19
102	18
103	24
104	25
105	22
106	16
107	18
108	24
109	19
110	25
111	21
112	25
113	19
114	17
115	23
116	20
117	20
118	19
119	17
120	19
121	19
122	24
123	20
124	27
125	22
126	23
127	25
128	21
129	27
130	31
131	29
132	28
133	22
134	22
135	27
136	21
137	29
138	19
139	19
140	21
141	23
142	21
143	20
144	24
145	25
146	20
147	20
148	23
149	22
150	17
151	21
152	18
153	15
154	21
155	18
156	23
157	23
158	18
159	18
160	22
161	16
162	17
163	21
164	17
165	21
166	15
167	22
168	19
169	22
170	24
171	26
172	27
173	17
174	21
175	25
176	20
177	16
178	25
179	19
180	18
181	21
182	20
183	17
184	17
185	20
186	19
187	21
188	25
189	26
190	21
191	19
192	22
193	25
194	15
195	19
196	18
197	25
198	24
199	22
200	20
201	26
202	21
203	18
204	19
205	18
206	14
207	18
208	17
209	16
210	19
211	15
212	21
213	22
214	19
215	16
216	20
217	19
218	23
219	24
220	19
221	23
222	18
223	19
224	22
225	18
226	19
227	20
228	16
229	21
230	21
231	22
232	26
233	18
234	22
235	20
236	17
237	22
238	12
239	20
240	22
241	26
242	25
243	18
244	18
245	21
246	17
247	20
248	21
249	17
250	20
251	15
252	16
253	23
254	21
255	23
256	21
257	25
258	24
259	23
260	24
261	19
262	17
263	20
264	20
265	30
266	22
267	18
268	23
269	21
270	19
271	16
272	22
273	20
274	19
275	21
276	19
277	16
278	16
279	20
280	21
281	19
282	17
283	18
284	25
285	21
286	17
287	16
288	22
289	18
290	24
291	23
292	19
293	21
294	13
295	19
296	17
297	14
298	16
299	19
300	18
301	19
302	28
303	18
304	20
305	20
306	12
307	16
308	16
309	21
310	19
311	20
312	13
313	15
314	16
315	15
316	17
317	12
318	16
319	21
320	20
321	19
322	18
323	19
324	13
325	15
326	20
327	21
328	15
329	24
330	19
331	15
332	16
333	17
334	20
335	18
336	23
337	17
338	23
339	25
340	17
341	17
342	22
343	16
344	24
345	16
346	14
347	19
348	23
349	25
350	21
351	15
352	17
353	24
354	19
355	14
356	18
357	16
358	21
359	15
360	13
361	21
362	25
363	18
364	25
365	19
366	18
367	16
368	18
369	18
370	20
371	21
372	18
373	17
374	20
375	22
376	24
377	14
378	22
379	20
380	26
381	22
382	22
383	14
384	17
385	11
386	18
387	19
388	14
389	23
390	20
391	20
392	17
393	19
394	18
395	20
396	17
397	16
398	17
399	15
400	17
401	18
402	16
403	22
404	15
405	19
406	20
407	18
408	19
409	22
410	12
411	19
412	11
413	17
414	20
415	25
416	20
417	22
418	26
419	30
420	18
421	21
422	28
423	21
424	14
425	14
426	15
427	18
428	15
429	15
430	18
431	17
432	18
433	15
434	16
435	14
436	20
437	21
438	19
439	16
440	19
441	12
442	20
443	18
444	19
445	21
446	21
447	15
448	22
449	19
450	17
451	25
452	18
453	18
454	22
455	19
456	18
457	16
458	21
459	14
460	15
461	22
462	20
463	15
464	21
465	20
466	17
467	17
468	17
469	19
470	11
471	11
472	17
473	20
474	19
475	14
476	19
477	13
478	16
479	15
480	15
481	15
482	17
483	16
484	18
485	18
486	23
487	16
488	15
489	16
490	19
491	15
492	14
493	17
494	23
495	16
496	18
497	19
498	14
499	23
500	21
501	20
502	21
503	21
504	17
505	18
506	17
507	19
508	23
509	25
510	21
511	17
512	26
513	24
514	27
515	23
516	27
517	22
518	24
519	17
520	25
521	20
522	19
523	24
524	28
525	18
526	15
527	15
528	26
529	18
530	16
531	26
532	16
533	19
534	18
535	21
536	16
537	17
538	23
539	23
540	15
541	22
542	19
543	20
544	20
545	14
546	19
547	20
548	20
549	21
550	20
551	20
552	25
553	28
554	23
555	20
556	25
557	20
558	22
559	26
560	20
561	19
562	21
563	14
564	17
565	18
566	20
567	20
568	21
569	21
570	21
571	19
572	19
573	15
574	16
575	24
576	18
577	20
578	14
579	17
580	16
581	20
582	18
583	24
584	19
585	18
586	19
587	21
588	15
589	20
590	17
591	23
592	16
593	21
594	21
595	21
596	16
597	14
598	24
599	18
600	24
601	22
602	17
603	19
604	17
605	18
606	13
607	22
608	15
609	21
610	23
611	23
612	17
613	18
614	17
615	20
616	20
617	15
618	25
619	20
620	20
621	22
622	20
623	26
624	23
625	21
626	25
627	21
628	21
629	22
630	18
631	20
632	19
633	21
634	22
635	19
636	20
637	19
638	18
639	23
640	15
641	17
642	20
643	18
644	20
645	21
646	19
647	19
648	18
649	20
650	17
651	23
652	18
653	16
654	21
655	25
656	19
657	13
658	20
659	22
660	20
661	15
662	21
663	16
664	18
665	19
666	20
667	17
668	18
669	17
670	21
671	15
672	18
673	22
674	23
675	14
676	19
677	18
678	25
679	24
680	22
681	19
682	23
683	18
684	21
685	27
686	21
687	18
688	13
689	24
690	18
691	17
692	22
693	19
694	18
695	24
696	17
697	17
698	20
699	19
700	18
701	14
702	26
703	12
704	21
705	22
706	21
707	31
708	26
709	21
710	21
711	17
712	27
713	22
714	20
715	26
716	27
717	27
718	24
719	22
720	25
721	20
722	21
723	26
724	17
725	25
726	21
727	24
728	24
729	19
730	20
731	23
732	26
733	21
734	26
735	22
736	25
737	23
738	26
739	23
740	22
741	26
742	29
743	23
744	24
745	25
746	28
747	29
748	19
749	19
750	23
751	27
752	28
753	19
754	29
755	24
756	22
757	25
758	22
759	20
760	24
761	25
762	27
763	23
764	23
765	29
766	29
767	22
768	27
769	26
770	20
771	24
772	29
773	24
774	32
775	26
776	23
777	18
778	31
779	18
780	29
781	18
782	21
783	25
784	20
785	21
786	20
787	21
788	21
789	18
790	26
791	19
792	21
793	26
794	16
795	25
796	21
797	20
798	24
799	20
800	16
801	18
802	19
803	20
804	20
805	20
806	22
807	28
808	22
809	22
810	24
811	30
812	22
813	24
814	17
815	20
816	20
817	30
818	25
819	27
820	18
821	19
822	23
823	22
824	18
825	25
826	23
827	26
828	18
829	23
830	25
831	22
832	18
833	22
834	18
835	22
836	23
837	23
838	25
839	20
840	20
841	26
842	16
843	15
844	25
845	25
846	28
847	22
848	19
849	26
850	29
851	23
852	21
853	19
854	20
855	29
856	25
857	17
858	21
859	23
860	21
861	23
862	22
863	20
864	31
865	21
866	20
867	28
868	25
869	22
870	21
871	24
872	21
873	17
874	21
875	22
876	21
877	21
878	27
879	21
880	24
881	16
882	26
883	20
884	22
885	18
886	23
887	27
888	22
889	20
890	24
891	27
892	21
893	23
894	24
895	22
896	20
897	20
898	20
899	24
900	26
901	24
902	21
903	23
904	21
905	22
906	23
907	26
908	19
909	19
910	23
911	23
912	25
913	22
914	21
915	24
916	23
917	21
918	25
919	21
920	19
921	24
922	18
923	29
924	22
925	31
926	21
927	20
928	16
929	26
930	19
931	21
932	22
933	25
934	23
935	23
936	22
937	20
938	22
939	18
940	22
941	22
942	22
943	20
944	22
945	25
946	15
947	24
948	20
949	23
950	22
951	24
952	24
953	21
954	20
955	24
956	26
957	26
958	22
959	20
960	21
961	24
962	20
963	24
964	20
965	14
966	22
967	27
968	17
969	20
970	28
971	19
972	21
973	22
974	23
975	26
976	25
977	23
978	31
979	27
980	18
981	21
982	22
983	15
984	24
985	20
986	18
987	18
988	24
989	26
990	25
991	18
992	25
993	17
994	18
995	20
996	19
997	15
998	19
999	18
1000	19
1001	23
1002	17
1003	17
1004	25
1005	26
1006	14
1007	22
1008	23
1009	24
1010	24
1011	21
1012	18
1013	24
1014	26
1015	23
1016	25
1017	21
1018	17
1019	22
1020	27
1021	16
1022	21
1023	24
1024	23
1025	24
1026	22
1027	28
1028	17
1029	23
1030	20
1031	18
1032	21
1033	21
1034	22
1035	26
1036	25
1037	25
1038	22
1039	20
1040	22
1041	25
1042	22
1043	29
1044	26
1045	22
1046	23
1047	17
1048	30
1049	30
1050	23
1051	26
1052	29
1053	25
1054	26
1055	26
1056	29
1057	22
1058	26
1059	21
1060	26
1061	20
1062	23
1063	23
1064	16
1065	28
1066	21
1067	16
1068	24
1069	32
1070	29
1071	27
1072	22
1073	28
1074	30
1075	27
1076	23
1077	25
1078	23
1079	24
1080	23
1081	29
1082	22
1083	22
1084	19
1085	23
1086	21
1087	25
1088	23
1089	16
1090	28
1091	18
1092	26
1093	22
1094	18
1095	16
1096	20
1097	32
1098	22
1099	29
1100	19
1101	22
1102	28
1103	17
1104	28
1105	24
1106	28
1107	18
1108	18
1109	21
1110	27
1111	23
1112	22
1113	24
1114	22
1115	24
1116	24
1117	17
1118	18
1119	14
1120	22
1121	25
1122	23
1123	19
1124	22
1125	19
1126	17
1127	18
1128	21
1129	21
1130	26
1131	24
1132	27
1133	24
1134	20
1135	24
1136	18
1137	21
1138	22
1139	19
1140	14
1141	21
1142	23
1143	20
1144	28
1145	25
1146	21
1147	19
1148	27
1149	20
1150	21
1151	25
1152	21
1153	17
1154	20
1155	14
1156	23
1157	16
1158	25
1159	18
1160	15
1161	22
1162	21
1163	20
1164	18
1165	17
1166	21
1167	28
1168	18
1169	21
1170	25
1171	19
1172	15
1173	19
1174	21
1175	25
1176	19
1177	22
1178	18
1179	25
1180	15
1181	16
1182	15
1183	16
1184	21
1185	21
1186	19
1187	19
1188	18
1189	18
1190	17
1191	22
1192	17
1193	19
1194	19
1195	17
1196	11
1197	17
1198	14
1199	19
1200	19
1201	21
1202	9
1203	16
1204	15
1205	20
1206	15
1207	20
1208	14
1209	19
1210	19
1211	15
1212	17
1213	16
1214	22
1215	20
1216	16
1217	25
1218	23
1219	20
1220	22
1221	21
1222	15
1223	15
1224	20
1225	23
1226	21
1227	20
1228	21
1229	22
1230	22
1231	21
1232	21
1233	15
1234	20
1235	17
1236	22
1237	15
1238	16
1239	17
1240	18
1241	23
1242	19
1243	28
1244	22
1245	26
1246	22
1247	21
1248	24
1249	21
1250	24
1251	22
1252	20
1253	21
1254	19
1255	21
1256	20
1257	20
1258	22
1259	17
1260	18
1261	17
1262	21
1263	23
1264	23
1265	24
1266	21
1267	22
1268	19
1269	15
1270	21
1271	19
1272	19
1273	20
1274	19
1275	21
1276	18
1277	15
1278	15
1279	18
1280	27
1281	18
1282	21
1283	19
1284	26
1285	18
1286	21
1287	20
1288	25
1289	20
1290	18
1291	21
1292	19
1293	18
1294	15
1295	16
1296	19
1297	18
1298	18
1299	18
1300	20
1301	24
1302	19
1303	18
1304	22
1305	15
1306	18
1307	16
1308	18
1309	15
1310	20
1311	20
1312	20
1313	18
1314	22
1315	16
1316	26
1317	19
1318	23
1319	22
1320	19
1321	19
1322	18
1323	15
1324	22
1325	18
1326	17
1327	18
1328	22
1329	20
1330	20
1331	22
1332	23
1333	23
1334	23
1335	19
1336	21
1337	18
1338	22
1339	24
1340	26
1341	21
1342	19
1343	22
1344	24
1345	25
1346	22
1347	29
1348	28
1349	28
1350	20
1351	21
1352	23
1353	23
1354	25
1355	22
1356	23
1357	30
1358	25
1359	23
1360	21
1361	20
1362	24
1363	21
1364	25
1365	26
1366	24
1367	21
1368	17
1369	23
1370	34
1371	28
1372	25
1373	19
1374	21
1375	22
1376	20
1377	23
1378	25
1379	24
1380	26
1381	24
1382	19
1383	29
1384	23
1385	20
1386	18
1387	26
1388	18
1389	17
1390	15
1391	22
1392	26
1393	22
1394	19
1395	17
1396	18
1397	15
1398	15
1399	20
1400	25
1401	24
1402	19
1403	20
1404	22
1405	25
1406	16
1407	21
1408	28
1409	22
1410	20
1411	24
1412	28
1413	26
1414	22
1415	22
1416	24
1417	18
1418	27
1419	21
1420	25
1421	24
1422	20
1423	22
1424	20
1425	27
1426	23
1427	19
1428	25
1429	20
1430	15
1431	20
1432	24
1433	18
1434	22
1435	28
1436	22
1437	23
1438	30
1439	25
1440	21
1441	22
1442	23
1443	23
1444	25
1445	27
1446	27
1447	24
1448	24
1449	25
1450	28
1451	25
1452	25
1453	28
1454	28
1455	27
1456	24
1457	25
1458	25
1459	29
1460	20
1461	29
1462	26
1463	28
1464	33
1465	31
1466	25
1467	20
1468	23
1469	27
1470	33
1471	27
1472	28
1473	28
1474	31
1475	24
1476	22
1477	20
1478	32
1479	27
1480	22
1481	26
1482	26
1483	21
1484	29
1485	24
1486	27
1487	24
1488	34
1489	31
1490	27
1491	22
1492	31
1493	23
1494	19
1495	27
1496	30
1497	27
1498	26
1499	18
1500	34
1501	26
1502	27
1503	22
1504	25
1505	26
1506	24
1507	26
1508	24
1509	24
1510	22
1511	23
1512	20
1513	27
1514	20
1515	29
1516	23
1517	26
1518	22
1519	21
1520	22
1521	26
1522	21
1523	22
1524	29
1525	27
1526	29
1527	26
1528	35
1529	30
1530	24
1531	22
1532	31
1533	21
1534	35
1535	29
1536	25
1537	25
1538	27
1539	22
1540	26
1541	19
1542	26
1543	27
1544	22
1545	27
1546	27
1547	22
1548	25
1549	26
1550	25
1551	26
1552	22
1553	21
1554	27
1555	20
1556	28
1557	26
1558	23
1559	30
1560	27
1561	28
1562	24
1563	26
1564	22
1565	21
1566	23
1567	24
1568	21
1569	26
1570	21
1571	23
1572	24
1573	25
1574	20
1575	18
1576	25
1577	23
1578	19
1579	25
1580	24
1581	21
1582	26
1583	25
1584	25
1585	24
1586	27
1587	24
1588	19
1589	20
1590	31
1591	26
1592	27
1593	22
1594	23
1595	23
1596	20
1597	17
1598	20
1599	23
1600	23
1601	26
1602	22
1603	24
1604	26
1605	21
1606	27
1607	24
1608	18
1609	25
1610	25
1611	26
1612	27
1613	18
1614	29
1615	28
1616	23
1617	24
1618	28
1619	25
1620	30
1621	25
1622	22
1623	25
1624	28
1625	27
1626	36
1627	19
1628	26
1629	25
1630	23
1631	23
1632	31
1633	28
1634	32
1635	30
1636	23
1637	28
1638	28
1639	22
1640	21
1641	26
1642	25
1643	20
1644	25
1645	23
1646	23
1647	22
1648	30
1649	27
1650	26
1651	19
1652	27
1653	30
1654	27
1655	26
1656	28
1657	31
1658	25
1659	25
1660	27
1661	24
1662	32
1663	28
1664	28
1665	28
1666	31
1667	27
1668	29
1669	33
1670	26
1671	24
1672	29
1673	29
1674	26
1675	31
1676	26
1677	21
1678	32
1679	32
1680	28
1681	26
1682	26
1683	24
1684	37
1685	29
1686	23
1687	27
1688	26
1689	32
1690	29
1691	22
1692	21
1693	27
1694	23
1695	31
1696	29
1697	32
1698	19
1699	26
1700	26
1701	25
1702	24
1703	28
1704	19
1705	22
1706	27
1707	19
1708	27
1709	26
1710	31
1711	27
1712	20
1713	37
1714	28
1715	25
1716	27
1717	30
1718	26
1719	26
1720	28
1721	24
1722	30
1723	31
1724	28
1725	22
1726	25
1727	28
1728	27
1729	31
1730	19
1731	21
1732	22
1733	28
1734	29
1735	28
1736	31
1737	31
1738	27
1739	23
1740	28
1741	25
1742	24
1743	27
1744	27
1745	29
1746	30
1747	20
1748	25
1749	25
1750	29
1751	28
1752	25
1753	23
1754	31
1755	26
1756	29
1757	24
1758	32
1759	24
1760	30
1761	28
1762	21
1763	24
1764	28
1765	25
1766	30
1767	24
1768	21
1769	22
1770	24
1771	24
1772	29
1773	19
1774	26
1775	28
1776	24
1777	21
1778	25
1779	19
1780	24
1781	26
1782	19
1783	26
1784	29
1785	26
1786	27
1787	26
1788	23
1789	25
1790	27
1791	20
1792	23
1793	23
1794	27
1795	25
1796	20
1797	22
1798	30
1799	28
1800	26
1801	27
1802	23
1803	29
1804	31
1805	26
1806	27
1807	28
1808	19
1809	30
1810	34
1811	26
1812	30
1813	23
1814	25
1815	24
1816	29
1817	23
1818	27
1819	31
1820	22
1821	20
1822	24
1823	25
1824	26
1825	31
1826	25
1827	21
1828	20
1829	23
1830	25
1831	24
1832	30
1833	30
1834	28
1835	17
1836	25
1837	21
1838	28
1839	24
1840	27
1841	23
1842	20
1843	27
1844	30
1845	28
1846	28
1847	27
1848	23
1849	22
1850	25
1851	21
1852	26
1853	28
1854	23
1855	27
1856	23
1857	30
1858	30
1859	27
1860	26
1861	29
1862	26
1863	18
1864	26
1865	16
1866	26
1867	31
1868	23
1869	24
1870	27
1871	22
1872	23
1873	27
1874	23
1875	24
1876	28
1877	24
1878	25
1879	24
1880	28
1881	23
1882	21
1883	22
1884	20
1885	25
1886	27
1887	26
1888	22
1889	21
1890	23
1891	29
1892	24
1893	19
1894	20
1895	20
1896	27
1897	24
1898	27
1899	25
1900	23
1901	20
1902	19
1903	24
1904	22
1905	27
1906	23
1907	32
1908	27
1909	29
1910	22
1911	23
1912	29
1913	22
1914	27
1915	35
1916	25
1917	29
1918	26
1919	27
1920	25
1921	28
1922	21
1923	27
1924	20
1925	32
1926	21
1927	28
1928	25
1929	21
1930	25
1931	18
1932	20
1933	23
1934	20
1935	24
1936	25
1937	25
1938	21
1939	22
1940	17
1941	24
1942	20
1943	20
1944	22
1945	23
1946	19
1947	17
1948	13
1949	18
1950	19
1951	24
1952	21
1953	16
1954	25
1955	16
1956	24
1957	25
1958	21
1959	21
1960	19
1961	14
1962	25
1963	23
1964	22
1965	22
1966	16
1967	24
1968	24
1969	24
1970	25
1971	26
1972	23
1973	21
1974	21
1975	22
1976	22
1977	23
1978	22
1979	20
1980	15
1981	25
1982	20
1983	24
1984	16
1985	26
1986	24
1987	22
1988	23
1989	33
1990	24
1991	23
1992	22
1993	21
1994	24
1995	19
1996	23
1997	25
1998	20
1999	22
2000	19
2001	20
2002	16
2003	16
2004	15
2005	20
2006	25
2007	17
2008	23
2009	23
2010	14
2011	22
2012	24
2013	23
2014	20
2015	15
2016	22
2017	21
2018	22
2019	25
2020	19
2021	16
2022	19
2023	23
2024	20
2025	19
2026	17
2027	16
2028	18
2029	10
2030	19
2031	19
2032	18
2033	16
2034	24
2035	17
2036	14
2037	20
2038	17
2039	19
2040	16
2041	16
2042	21
2043	21
2044	21
2045	13
2046	18
2047	15
2048	18
2049	13
2050	17
2051	14
2052	10
2053	15
2054	17
2055	17
2056	9
2057	16
2058	18
2059	12
2060	11
2061	15
2062	16
2063	16
2064	21
2065	18
2066	19
2067	22
2068	20
2069	19
2070	21
2071	18
2072	11
2073	16
2074	24
2075	16
2076	18
2077	20
2078	20
2079	16
2080	21
2081	19
2082	14
2083	19
2084	20
2085	17
2086	14
2087	17
2088	13
2089	21
2090	15
2091	25
2092	22
2093	19
2094	23
2095	14
2096	21
2097	16
2098	19
2099	17
2100	14
2101	19
2102	14
2103	14
2104	13
2105	19
2106	18
2107	20
2108	17
2109	19
2110	11
2111	13
2112	13
2113	18
2114	13
2115	15
2116	17
2117	13
2118	14
2119	15
2120	15
2121	12
2122	16
2123	15
2124	17
2125	18
2126	14
2127	15
2128	13
2129	20
2130	13
2131	18
2132	11
2133	18
2134	14
2135	18
2136	17
2137	16
2138	20
2139	11
2140	16
2141	18
2142	19
2143	16
2144	17
2145	16
2146	12
2147	15
2148	11
2149	16
2150	16
2151	13
2152	15
2153	9
2154	17
2155	12
2156	12
2157	17
2158	14
2159	15
2160	11
2161	13
2162	18
2163	9
2164	12
2165	15
2166	11
2167	15
2168	14
2169	19
2170	18
2171	20
2172	16
2173	14
2174	15
2175	19
2176	9
2177	18
2178	13
2179	12
2180	14
2181	14
2182	17
2183	20
2184	18
2185	12
2186	17
2187	14
2188	14
2189	16
2190	14
2191	7
2192	17
2193	16
2194	12
2195	13
2196	18
2197	15
2198	15
2199	21
2200	15
2201	14
2202	25
2203	20
2204	25
2205	23
2206	14
2207	20
2208	17
2209	20
2210	17
2211	17
2212	18
2213	20
2214	18
2215	16
2216	17
2217	22
2218	18
2219	23
2220	19
2221	14
2222	17
2223	15
2224	16
2225	16
2226	18
2227	18
2228	16
2229	20
2230	15
2231	13
2232	16
2233	22
2234	20
2235	13
2236	15
2237	20
2238	19
2239	15
2240	21
2241	20
2242	19
2243	19
2244	16
2245	13
2246	17
2247	17
2248	14
2249	18
2250	14
2251	17
2252	19
2253	13
2254	17
2255	16
2256	17
2257	17
2258	19
2259	13
2260	19
2261	15
2262	17
2263	17
2264	22
2265	19
2266	19
2267	15
2268	16
2269	14
2270	19
2271	18
2272	10
2273	20
2274	20
2275	15
2276	20
2277	19
2278	14
2279	23
2280	21
2281	14
2282	21
2283	12
2284	19
2285	19
2286	19
2287	18
2288	24
2289	17
2290	12
2291	21
2292	14
2293	17
2294	16
2295	18
2296	21
2297	17
2298	16
2299	17
2300	18
2301	15
2302	7
2303	17
2304	15
2305	15
2306	15
2307	18
2308	16
2309	14
2310	11
2311	18
2312	19
2313	19
2314	18
2315	17
2316	20
2317	19
2318	20
2319	13
2320	20
2321	15
2322	22
2323	22
2324	19
2325	19
2326	18
2327	16
2328	18
2329	24
2330	17
2331	15
2332	22
2333	14
2334	20
2335	20
2336	23
2337	19
2338	17
2339	23
2340	20
2341	17
2342	18
2343	21
2344	19
2345	23
2346	16
2347	19
2348	16
2349	19
2350	18
2351	25
2352	27
2353	22
2354	22
2355	21
2356	22
2357	22
2358	26
2359	22
2360	18
2361	19
2362	23
2363	17
2364	23
2365	18
2366	22
2367	24
2368	19
2369	20
2370	23
2371	24
2372	17
2373	23
2374	22
2375	17
2376	22
2377	19
2378	24
2379	19
2380	17
2381	20
2382	20
2383	22
2384	17
2385	23
2386	28
2387	27
2388	20
2389	17
2390	20
2391	20
2392	21
2393	21
2394	24
2395	23
2396	22
2397	21
2398	21
2399	20
2400	25
2401	23
2402	22
2403	20
2404	24
2405	16
2406	16
2407	22
2408	18
2409	18
2410	22
2411	18
2412	24
2413	21
2414	28
2415	24
2416	19
2417	25
2418	19
2419	19
2420	24
2421	24
2422	23
2423	19
2424	23
2425	24
2426	21
2427	17
2428	19
2429	18
2430	23
2431	21
2432	20
2433	19
2434	21
2435	23
2436	16
2437	21
2438	22
2439	17
2440	18
2441	22
2442	21
2443	20
2444	26
2445	18
2446	12
2447	21
2448	19
2449	20
2450	15
2451	17
2452	19
2453	18
2454	17
2455	24
2456	22
2457	15
2458	21
2459	19
2460	21
2461	18
2462	20
2463	13
2464	15
2465	23
2466	21
2467	23
2468	20
2469	21
2470	23
2471	20
2472	20
2473	18
2474	18
2475	24
2476	27
2477	25
2478	14
2479	23
2480	17
2481	21
2482	20
2483	15
2484	20
2485	20
2486	20
2487	20
2488	22
2489	17
2490	23
2491	21
2492	21
2493	17
2494	22
2495	17
2496	19
2497	20
2498	22
2499	24
2500	23
2501	16
2502	12
2503	13
2504	22
2505	21
2506	20
2507	22
2508	21
2509	24
2510	20
2511	20
2512	19
2513	16
2514	21
2515	21
2516	18
2517	21
2518	19
2519	21
2520	20
2521	16
2522	21
2523	23
2524	21
2525	15
2526	24
2527	22
2528	22
2529	23
2530	27
2531	19
2532	21
2533	17
2534	25
2535	16
2536	15
2537	21
2538	19
2539	17
2540	17
2541	24
2542	18
2543	25
2544	16
2545	21
2546	16
2547	21
2548	12
2549	14
2550	19
2551	19
2552	20
2553	21
2554	23
2555	18
2556	17
2557	22
2558	19
2559	23
2560	20
2561	22
2562	18
2563	17
2564	21
2565	15
2566	19
2567	20
2568	18
2569	20
2570	20
2571	19
2572	24
2573	26
2574	23
2575	23
2576	27
2577	21
2578	17
2579	21
2580	17
2581	19
2582	24
2583	27
2584	20
2585	20
2586	17
2587	19
2588	16
2589	19
2590	16
2591	18
2592	18
2593	20
2594	17
2595	16
2596	14
2597	17
2598	15
2599	14
2600	13
2601	15
2602	17
2603	17
2604	14
2605	16
2606	15
2607	22
2608	15
2609	18
2610	19
2611	18
2612	19
2613	16
2614	16
2615	20
2616	17
2617	21
2618	21
2619	17
2620	17
2621	21
2622	19
2623	15
2624	19
2625	21
2626	18
2627	18
2628	24
2629	19
2630	16
2631	15
2632	15
2633	18
2634	17
2635	15
2636	19
2637	15
2638	17
2639	19
2640	11
2641	16
2642	24
2643	13
2644	17
2645	18
2646	16
2647	22
2648	18
2649	21
2650	14
2651	23
2652	15
2653	13
2654	18
2655	19
2656	15
2657	14
2658	24
2659	24
2660	26
2661	15
2662	19
2663	16
2664	20
2665	19
2666	17
2667	19
2668	20
2669	18
2670	17
2671	16
2672	17
2673	22
2674	17
2675	25
2676	16
2677	17
2678	15
2679	21
2680	23
2681	17
2682	16
2683	23
2684	24
2685	19
2686	16
2687	16
2688	15
2689	21
2690	18
2691	16
2692	17
2693	16
2694	19
2695	19
2696	19
2697	15
2698	15
2699	22
2700	19
2701	18
2702	21
2703	20
2704	20
2705	22
2706	14
2707	21
2708	23
2709	21
2710	14
2711	20
2712	21
2713	21
2714	22
2715	19
2716	15
2717	18
2718	20
2719	22
2720	19
2721	27
2722	21
2723	17
2724	17
2725	18
2726	18
2727	20
2728	17
2729	18
2730	18
2731	18
2732	23
2733	20
2734	20
2735	19
2736	20
2737	22
2738	20
2739	21
2740	22
2741	22
2742	19
2743	21
2744	21
2745	24
2746	18
2747	23
2748	18
2749	21
2750	22
2751	26
2752	23
2753	18
2754	20
2755	17
2756	21
2757	20
2758	21
2759	23
2760	22
2761	18
2762	19
2763	19
2764	25
2765	26
2766	17
2767	18
2768	22
2769	21
2770	21
2771	20
2772	22
2773	21
2774	24
2775	18
2776	22
2777	21
2778	14
2779	26
2780	19
2781	18
2782	17
2783	23
2784	17
2785	20
2786	22
2787	22
2788	21
2789	20
2790	19
2791	28
2792	16
2793	17
2794	20
2795	19
2796	15
2797	14
2798	20
2799	15
2800	21
2801	19
2802	17
2803	18
2804	20
2805	18
2806	14
2807	19
2808	19
2809	15
2810	17
2811	19
2812	23
2813	23
2814	15
2815	19
2816	21
2817	21
2818	20
2819	20
2820	17
2821	16
2822	19
2823	19
2824	14
2825	21
2826	20
2827	14
2828	16
2829	23
2830	18
2831	15
2832	25
2833	22
2834	20
2835	20
2836	18
2837	18
2838	17
2839	15
2840	16
2841	20
2842	17
2843	19
2844	14
2845	18
2846	19
2847	17
2848	16
2849	16
2850	21
2851	17
2852	18
2853	18
2854	18
2855	23
2856	15
2857	23
2858	17
2859	21
2860	20
2861	18
2862	19
2863	23
2864	14
2865	21
2866	19
2867	21
2868	18
2869	15
2870	16
2871	18
2872	18
2873	20
2874	19
2875	20
2876	19
2877	16
2878	12
2879	12
2880	18
2881	19
2882	19
2883	14
2884	19
2885	19
2886	22
2887	18
2888	22
2889	20
2890	20
2891	21
2892	16
2893	19
2894	22
2895	17
2896	17
2897	20
2898	13
2899	23
2900	22
2901	18
2902	17
2903	15
2904	17
2905	12
2906	24
2907	19
2908	20
2909	21
2910	18
2911	23
2912	23
2913	17
2914	20
2915	20
2916	22
2917	20
2918	21
2919	19
2920	16
2921	21
2922	18
2923	17
2924	21
2925	21
2926	23
2927	18
2928	20
2929	20
2930	21
2931	21
2932	21
2933	21
2934	13
2935	15
2936	20
2937	22
2938	24
2939	21
2940	23
2941	19
2942	15
2943	20
2944	23
2945	21
2946	15
2947	16
2948	20
2949	15
2950	15
2951	16
2952	18
2953	18
2954	24
2955	16
2956	22
2957	18
2958	20
2959	15
2960	19
2961	15
2962	18
2963	18
2964	11
2965	18
2966	13
2967	23
2968	17
2969	23
2970	18
2971	22
2972	14
2973	16
2974	18
2975	19
2976	18
2977	19
2978	20
2979	20
2980	17
2981	15
2982	18
2983	16
2984	21
2985	18
2986	22
2987	20
2988	22
2989	14
2990	14
2991	14
2992	24
2993	25
2994	16
2995	17
2996	18
2997	22
2998	18
2999	19
3000	20
3001	19
3002	21
3003	14
3004	23
3005	14
3006	20
3007	18
3008	16
3009	14
3010	20
3011	20
3012	25
3013	19
3014	19
3015	23
3016	23
3017	21
3018	23
3019	28
3020	22
3021	18
3022	23
3023	23
3024	22
3025	22
3026	23
3027	19
3028	20
3029	13
3030	19
3031	20
3032	22
3033	18
3034	24
3035	17
3036	20
3037	22
3038	18
3039	23
3040	26
3041	20
3042	19
3043	19
3044	18
3045	17
3046	13
3047	17
3048	23
3049	21
3050	22
3051	23
3052	16
3053	27
3054	21
3055	15
3056	22
3057	17
3058	19
3059	20
3060	21
3061	21
3062	21
3063	17
3064	27
3065	17
3066	25
3067	20
3068	22
3069	13
3070	24
3071	21
3072	15
3073	20
3074	21
3075	17
3076	19
3077	19
3078	23
3079	23
3080	32
3081	20
3082	21
3083	19
3084	17
3085	18
3086	19
3087	25
3088	25
3089	17
3090	21
3091	20
3092	17
3093	18
3094	26
3095	24
3096	23
3097	21
3098	16
3099	19
3100	25
3101	23
3102	26
3103	24
3104	25
3105	19
3106	27
3107	19
3108	15
3109	20
3110	15
3111	19
3112	25
3113	22
3114	19
3115	17
3116	21
3117	21
3118	23
3119	23
3120	19
3121	12
3122	21
3123	13
3124	21
3125	23
3126	19
3127	13
3128	24
3129	22
3130	17
3131	14
3132	24
3133	15
3134	15
3135	18
3136	19
3137	14
3138	26
3139	13
3140	23
3141	19
3142	18
3143	16
3144	21
3145	17
3146	14
3147	25
3148	25
3149	18
3150	24
3151	17
3152	20
3153	18
3154	22
3155	14
3156	22
3157	20
3158	19
3159	19
3160	18
3161	22
3162	17
3163	20
3164	23
3165	18
3166	20
3167	19
3168	15
3169	22
3170	20
3171	18
3172	25
3173	18
3174	19
3175	23
3176	24
3177	24
3178	15
3179	20
3180	20
3181	22
3182	26
3183	21
3184	11
3185	22
3186	23
3187	23
3188	21
3189	17
3190	24
3191	18
3192	20
3193	15
3194	21
3195	21
3196	18
3197	23
3198	24
3199	24
3200	22
3201	24
3202	23
3203	26
3204	22
3205	25
3206	19
3207	23
3208	23
3209	30
3210	17
3211	17
3212	15
3213	15
3214	18
3215	24
3216	23
3217	17
3218	27
3219	27
3220	21
3221	19
3222	23
3223	25
3224	21
3225	21
3226	20
3227	24
3228	22
3229	23
3230	20
3231	18
3232	18
3233	17
3234	22
3235	21
3236	21
3237	22
3238	20
3239	20
3240	16
3241	22
3242	19
3243	16
3244	21
3245	21
3246	29
3247	18
3248	23
3249	17
3250	28
3251	20
3252	19
3253	23
3254	21
3255	21
3256	22
3257	18
3258	24
3259	18
3260	22
3261	18
3262	22
3263	20
3264	19
3265	16
3266	18
3267	20
3268	18
3269	18
3270	20
3271	18
3272	18
3273	19
3274	17
3275	20
3276	22
3277	24
3278	20
3279	12
3280	18
3281	18
3282	17
3283	21
3284	20
3285	19
3286	17
3287	15
3288	16
3289	17
3290	20
3291	15
3292	17
3293	20
3294	17
3295	23
3296	18
3297	17
3298	16
3299	14
3300	22
3301	18
3302	19
3303	16
3304	23
3305	22
3306	21
3307	18
3308	24
3309	17
3310	22
3311	17
3312	14
3313	17
3314	17
3315	21
3316	21
3317	19
3318	19
3319	17
3320	18
3321	14
3322	14
3323	18
3324	12
3325	14
3326	15
3327	19
3328	13
3329	15
3330	15
3331	18
3332	13
3333	9
3334	16
3335	12
3336	16
3337	15
3338	19
3339	15
3340	12
3341	15
3342	14
3343	12
3344	19
3345	22
3346	15
3347	16
3348	18
3349	18
3350	16
3351	19
3352	21
3353	20
3354	11
3355	12
3356	14
3357	18
3358	16
3359	16
3360	16
3361	15
3362	12
3363	12
3364	14
3365	17
3366	12
3367	11
3368	19
3369	17
3370	15
3371	16
3372	18
3373	18
3374	21
3375	19
3376	22
3377	19
3378	17
3379	14
3380	15
3381	18
3382	13
3383	20
3384	11
3385	14
3386	21
3387	16
3388	17
3389	17
3390	20
3391	18
3392	20
3393	21
3394	11
3395	14
3396	18
3397	15
3398	18
3399	17
3400	19
3401	17
3402	18
3403	21
3404	22
3405	18
3406	23
3407	12
3408	23
3409	20
3410	18
3411	14
3412	14
3413	21
3414	15
3415	24
3416	14
3417	15
3418	18
3419	14
3420	14
3421	19
3422	17
3423	15
3424	18
3425	18
3426	19
3427	18
3428	14
3429	21
3430	24
3431	16
3432	18
3433	19
3434	24
3435	20
3436	19
3437	18
3438	19
3439	13
3440	19
3441	18
3442	17
3443	17
3444	22
3445	21
3446	14
3447	17
3448	19
3449	15
3450	15
3451	21
3452	16
3453	19
3454	15
3455	17
3456	14
3457	18
3458	17
3459	17
3460	19
3461	13
3462	16
3463	20
3464	16
3465	16
3466	14
3467	14
3468	17
3469	15
3470	21
3471	19
3472	14
3473	17
3474	18
3475	21
3476	21
3477	22
3478	23
3479	20
3480	26
3481	19
3482	12
3483	19
3484	18
3485	16
3486	14
3487	18
3488	18
3489	25
3490	17
3491	15
3492	17
3493	21
3494	16
3495	15
3496	18
3497	19
3498	20
3499	16
3500	11
3501	14
3502	16
3503	17
3504	15
3505	21
3506	14
3507	19
3508	18
3509	17
3510	23
3511	18
3512	17
3513	20
3514	19
3515	19
3516	15
3517	19
3518	16
3519	14
3520	19
3521	16
3522	14
3523	18
3524	17
3525	20
3526	19
3527	20
3528	13
3529	25
3530	17
3531	17
3532	23
3533	19
3534	20
3535	24
3536	25
3537	18
3538	21
3539	25
3540	16
3541	17
3542	18
3543	15
3544	23
3545	24
3546	20
3547	20
3548	13
3549	19
3550	17
3551	22
3552	15
3553	20
3554	18
3555	24
3556	17
3557	18
3558	17
3559	17
3560	15
3561	19
3562	17
3563	14
3564	18
3565	13
3566	21
3567	17
3568	17
3569	20
3570	15
3571	19
3572	18
3573	16
3574	18
3575	23
3576	13
3577	16
3578	15
3579	19
3580	16
3581	20
3582	20
3583	18
3584	18
3585	17
3586	19
3587	15
3588	24
3589	21
3590	22
3591	19
3592	18
3593	19
3594	17
3595	16
3596	17
3597	18
3598	14
3599	18
3600	14
3601	16
3602	14
3603	11
3604	14
3605	17
3606	19
3607	16
3608	22
3609	12
3610	17
3611	19
3612	19
3613	13
3614	17
3615	22
3616	22
3617	16
3618	23
3619	16
3620	18
3621	20
3622	21
3623	22
3624	13
3625	15
3626	21
3627	17
3628	16
3629	19
3630	17
3631	17
3632	15
3633	17
3634	18
3635	17
3636	21
3637	18
3638	17
3639	15
3640	13
3641	11
3642	16
3643	20
3644	18
3645	18
3646	19
3647	18
3648	21
3649	26
3650	16
3651	17
3652	19
3653	17
3654	19
3655	23
3656	19
3657	21
3658	20
3659	21
3660	21
3661	19
3662	11
3663	18
3664	18
3665	22
3666	13
3667	16
3668	15
3669	18
3670	19
3671	17
3672	18
3673	13
3674	15
3675	15
3676	12
3677	12
3678	19
3679	13
3680	22
3681	17
3682	18
3683	15
3684	17
3685	14
3686	11
3687	16
3688	13
3689	14
3690	13
3691	22
3692	17
3693	14
3694	18
3695	15
3696	16
3697	15
3698	13
3699	17
3700	13
3701	15
3702	18
3703	12
3704	13
3705	12
3706	12
3707	18
3708	15
3709	17
3710	15
3711	17
3712	18
3713	18
3714	17
3715	18
3716	14
3717	16
3718	15
3719	11
3720	22
3721	14
3722	14
3723	15
3724	18
3725	19
3726	13
3727	14
3728	16
3729	13
3730	15
3731	15
3732	17
3733	20
3734	13
3735	16
3736	12
3737	15
3738	14
3739	14
3740	17
3741	18
3742	11
3743	16
3744	14
3745	14
3746	15
3747	11
3748	17
3749	11
3750	12
