frame	intra_count
0	4
1	14
2	10
3	10
4	15
5	15
6	6
7	7
8	10
9	12
10	9
11	13
12	14
13	15
14	15
15	15
16	14
17	17
18	15
19	17
20	19
21	25
22	14
23	19
24	14
25	14
26	19
27	18
28	20
29	22
30	21
31	21
32	13
33	16
34	7
35	19
36	18
37	16
38	18
39	24
40	16
41	17
42	17
43	12
44	17
45	13
46	16
47	16
48	17
49	13
50	12
51	16
52	21
53	18
54	20
55	20
56	25
57	15
58	15
59	18
60	23
61	19
62	17
63	18
64	16
65	20
66	21
67	21
68	17
69	28
70	17
71	19
72	20
73	21
74	23
75	18
76	18
77	15
78	24
79	17
80	18
81	17
82	26
83	29
84	23
85	14
86	25
87	22
88	29
89	23
90	18
91	18
92	23
93	14
94	24
95	23
96	22
97	22
98	19
99	19
100	26
101	20
102	15
103	15
104	23
105	17
106	18
107	21
108	21
109	19
110	21
111	11
112	22
113	19
114	29
115	18
116	28
117	29
118	20
119	17
120	21
121	23
122	21
123	22
124	18
125	19
126	21
127	21
128	20
129	13
130	19
131	15
132	17
133	17
134	20
135	23
136	19
137	21
138	25
139	22
140	17
141	19
142	23
143	23
144	17
145	14
146	20
147	17
148	19
149	10
150	22
151	15
152	17
153	15
154	22
155	19
156	17
157	12
158	19
159	21
160	22
161	19
162	21
163	20
164	18
165	27
166	24
167	18
168	17
169	19
170	20
171	19
172	14
173	17
174	15
175	22
176	19
177	21
178	19
179	17
180	10
181	15
182	18
183	18
184	15
185	17
186	23
187	22
188	22
189	17
190	18
191	22
192	19
193	25
194	22
195	13
196	29
197	23
198	25
199	29
200	23
201	25
202	23
203	20
204	20
205	25
206	26
207	29
208	24
209	22
210	30
211	25
212	19
213	26
214	25
215	18
216	22
217	20
218	20
219	22
220	22
221	22
222	26
223	25
224	24
225	18
226	22
227	22
228	19
229	26
230	25
231	25
232	21
233	25
234	24
235	20
236	23
237	20
238	20
239	15
240	24
241	25
242	18
243	24
244	29
245	26
246	19
247	23
248	26
249	19
250	22
251	22
252	25
253	19
254	23
255	28
256	26
257	21
258	20
259	21
260	22
261	18
262	25
263	25
264	21
265	21
266	19
267	22
268	22
269	22
270	25
271	19
272	20
273	15
274	22
275	23
276	14
277	21
278	19
279	20
280	21
281	25
282	27
283	20
284	24
285	23
286	25
287	21
288	17
289	27
290	23
291	26
292	25
293	19
294	25
295	22
296	25
297	27
298	31
299	24
300	35
301	25
302	29
303	20
304	21
305	26
306	33
307	25
308	22
309	25
310	20
311	29
312	26
313	29
314	21
315	23
316	25
317	23
318	25
319	29
320	23
321	21
322	20
323	16
324	18
325	19
326	29
327	25
328	26
329	29
330	29
331	27
332	25
333	28
334	26
335	29
336	27
337	18
338	32
339	22
340	29
341	22
342	28
343	22
344	28
345	23
346	29
347	22
348	19
349	27
350	30
351	26
352	24
353	22
354	29
355	30
356	24
357	25
358	27
359	26
360	24
361	31
362	28
363	29
364	22
365	32
366	26
367	30
368	28
369	26
370	31
371	28
372	31
373	27
374	30
375	33
376	31
377	23
378	29
379	29
380	31
381	28
382	35
383	34
384	27
385	30
386	34
387	31
388	38
389	35
390	29
391	29
392	28
393	32
394	22
395	27
396	25
397	31
398	34
399	22
400	39
401	28
402	32
403	27
404	35
405	29
406	36
407	36
408	29
409	31
410	29
411	26
412	32
413	32
414	30
415	34
416	24
417	37
418	29
419	29
420	27
421	38
422	30
423	33
424	30
425	38
426	24
427	26
428	30
429	26
430	37
431	24
432	24
433	33
434	32
435	29
436	43
437	32
438	37
439	28
440	29
441	29
442	30
443	33
444	30
445	32
446	24
447	22
448	29
449	28
450	30
451	24
452	30
453	31
454	23
455	32
456	30
457	20
458	28
459	23
460	30
461	29
462	23
463	30
464	29
465	28
466	32
467	30
468	21
469	21
470	25
471	28
472	29
473	29
474	23
475	32
476	31
477	26
478	25
479	30
480	25
481	23
482	26
483	30
484	26
485	25
486	32
487	25
488	29
489	27
490	32
491	26
492	27
493	31
494	32
495	29
496	33
497	30
498	30
499	32
500	32
501	33
502	29
503	26
504	24
505	21
506	20
507	33
508	26
509	38
510	33
511	32
512	29
513	38
514	30
515	32
516	37
517	41
518	26
519	36
520	34
521	27
522	39
523	29
524	31
525	29
526	28
527	27
528	33
529	31
530	44
531	35
532	27
533	31
534	30
535	33
536	34
537	41
538	43
539	40
540	29
541	30
542	32
543	35
544	33
545	31
546	30
547	37
548	40
549	30
550	30
551	35
552	30
553	37
554	31
555	31
556	33
557	40
558	34
559	34
560	31
561	30
562	40
563	23
564	27
565	36
566	38
567	30
568	32
569	22
570	31
571	35
572	34
573	26
574	30
575	34
576	21
577	31
578	27
579	31
580	28
581	23
582	29
583	33
584	24
585	30
586	33
587	27
588	32
589	31
590	35
591	31
592	30
593	30
594	29
595	31
596	26
597	26
598	38
599	29
600	28
601	30
602	31
603	17
604	26
605	25
606	26
607	28
608	29
609	31
610	33
611	24
612	24
613	35
614	27
615	31
616	31
617	33
618	29
619	25
620	38
621	29
622	28
623	28
624	32
625	26
626	30
627	29
628	28
629	32
630	20
631	27
632	26
633	22
634	24
635	17
636	26
637	26
638	30
639	27
640	27
641	24
642	22
643	32
644	24
645	27
646	27
647	27
648	28
649	27
650	24
651	21
652	23
653	29
654	34
655	33
656	23
657	28
658	34
659	22
660	24
661	32
662	32
663	30
664	25
665	26
666	31
667	31
668	29
669	29
670	24
671	24
672	25
673	27
674	29
675	33
676	16
677	26
678	25
679	25
680	27
681	23
682	24
683	21
684	22
685	28
686	32
687	34
688	21
689	36
690	31
691	28
692	22
693	26
694	31
695	21
696	25
697	39
698	29
699	25
700	31
701	34
702	31
703	34
704	29
705	28
706	27
707	26
708	33
709	28
710	27
711	30
712	29
713	29
714	31
715	29
716	26
717	28
718	26
719	31
720	32
721	32
722	27
723	29
724	29
725	34
726	32
727	24
728	28
729	29
730	22
731	29
732	27
733	28
734	22
735	29
736	27
737	24
738	31
739	31
740	29
741	33
742	26
743	31
744	33
745	27
746	27
747	22
748	30
749	27
750	27
751	31
752	28
753	26
754	26
755	24
756	23
757	26
758	23
759	34
760	28
761	39
762	33
763	24
764	26
765	24
766	29
767	31
768	36
769	33
770	33
771	34
772	31
773	36
774	29
775	25
776	28
777	24
778	34
779	25
780	24
781	28
782	21
783	25
784	26
785	29
786	27
787	32
788	31
789	32
790	20
791	32
792	29
793	24
794	26
795	25
796	22
797	30
798	27
799	22
800	25
801	26
802	28
803	29
804	25
805	30
806	25
807	23
808	24
809	27
810	38
811	26
812	26
813	26
814	34
815	28
816	33
817	36
818	39
819	34
820	21
821	23
822	33
823	23
824	27
825	27
826	32
827	33
828	30
829	32
830	26
831	24
832	32
833	32
834	24
835	25
836	24
837	31
838	25
839	27
840	23
841	25
842	22
843	34
844	31
845	29
846	21
847	28
848	31
849	32
850	34
851	33
852	25
853	35
854	34
855	27
856	31
857	33
858	27
859	37
860	28
861	31
862	32
863	32
864	23
865	35
866	28
867	28
868	31
869	36
870	30
871	37
872	32
873	30
874	36
875	31
876	35
877	26
878	31
879	28
880	32
881	28
882	27
883	32
884	25
885	26
886	28
887	30
888	28
889	24
890	31
891	26
892	26
893	27
894	34
895	29
896	24
897	29
898	29
899	29
900	27
901	20
902	21
903	23
904	30
905	29
906	34
907	32
908	25
909	23
910	37
911	31
912	34
913	30
914	23
915	32
916	28
917	28
918	30
919	28
920	31
921	23
922	23
923	29
924	29
925	24
926	24
927	38
928	26
929	29
930	24
931	27
932	27
933	27
934	30
935	29
936	22
937	29
938	22
939	27
940	22
941	31
942	20
943	31
944	27
945	40
946	29
947	28
948	29
949	30
950	30
951	28
952	32
953	26
954	35
955	42
956	34
957	31
958	35
959	35
960	35
961	34
962	31
963	27
964	24
965	28
966	27
967	23
968	30
969	26
970	29
971	26
972	35
973	30
974	27
975	22
976	26
977	24
978	26
979	31
980	23
981	30
982	26
983	36
984	26
985	26
986	24
987	29
988	31
989	35
990	25
991	30
992	28
993	39
994	25
995	19
996	32
997	17
998	33
999	28
1000	28
1001	26
1002	30
1003	31
1004	29
1005	23
1006	24
1007	34
1008	25
1009	28
1010	25
1011	27
1012	27
1013	26
1014	22
1015	24
1016	36
1017	23
1018	30
1019	30
1020	24
1021	24
1022	25
1023	19
1024	32
1025	28
1026	33
1027	31
1028	25
1029	23
1030	29
1031	27
1032	30
1033	31
1034	27
1035	26
1036	27
1037	29
1038	24
1039	24
1040	30
1041	27
1042	28
1043	17
1044	32
1045	30
1046	26
1047	31
1048	30
1049	27
1050	34
1051	27
1052	35
1053	30
1054	23
1055	31
1056	22
1057	25
1058	30
1059	30
1060	31
1061	17
1062	22
1063	27
1064	31
1065	29
1066	28
1067	29
1068	34
1069	27
1070	27
1071	31
1072	36
1073	32
1074	37
1075	28
1076	25
1077	29
1078	36
1079	25
1080	35
1081	31
1082	31
1083	38
1084	30
1085	24
1086	31
1087	25
1088	27
1089	26
1090	29
1091	35
1092	30
1093	23
1094	32
1095	25
1096	26
1097	32
1098	34
1099	25
1100	30
1101	27
1102	30
1103	27
1104	28
1105	29
1106	37
1107	29
1108	30
1109	28
1110	29
1111	30
1112	28
1113	30
1114	31
1115	32
1116	27
1117	31
1118	29
1119	26
1120	29
1121	25
1122	28
1123	28
1124	27
1125	32
1126	35
1127	34
1128	27
1129	31
1130	29
1131	34
1132	28
1133	19
1134	28
1135	33
1136	25
1137	27
1138	32
1139	34
1140	27
1141	30
1142	22
1143	27
1144	19
1145	29
1146	30
1147	32
1148	29
1149	24
1150	36
1151	33
1152	21
1153	25
1154	28
1155	35
1156	26
1157	28
1158	29
1159	29
1160	24
1161	31
1162	36
1163	32
1164	25
1165	24
1166	29
1167	31
1168	29
1169	27
1170	37
1171	36
1172	31
1173	30
1174	31
1175	31
1176	32
1177	38
1178	32
1179	38
1180	35
1181	32
1182	33
1183	27
1184	31
1185	39
1186	31
1187	31
1188	32
1189	30
1190	30
1191	42
1192	35
1193	41
1194	33
1195	40
1196	38
1197	38
1198	32
1199	37
1200	27
1201	38
1202	34
1203	33
1204	28
1205	30
1206	30
1207	32
1208	37
1209	28
1210	28
1211	32
1212	35
1213	35
1214	38
1215	31
1216	32
1217	36
1218	32
1219	27
1220	33
1221	36
1222	22
1223	24
1224	32
1225	31
1226	41
1227	26
1228	22
1229	25
1230	31
1231	28
1232	24
1233	26
1234	30
1235	34
1236	22
1237	30
1238	28
1239	28
1240	26
1241	29
1242	31
1243	32
1244	30
1245	30
1246	25
1247	32
1248	33
1249	35
1250	37
1251	35
1252	28
1253	31
1254	25
1255	33
1256	31
1257	33
1258	38
1259	33
1260	43
1261	29
1262	30
1263	27
1264	29
1265	29
1266	34
1267	25
1268	32
1269	30
1270	28
1271	33
1272	29
1273	29
1274	24
1275	25
1276	21
1277	25
1278	32
1279	23
1280	25
1281	23
1282	25
1283	38
1284	26
1285	26
1286	28
1287	21
1288	26
1289	24
1290	18
1291	24
1292	25
1293	26
1294	16
1295	24
1296	22
1297	27
1298	26
1299	23
1300	23
1301	25
1302	23
1303	24
1304	25
1305	22
1306	26
1307	30
1308	31
1309	21
1310	27
1311	27
1312	32
1313	27
1314	27
1315	28
1316	26
1317	21
1318	27
1319	22
1320	26
1321	24
1322	34
1323	31
1324	28
1325	36
1326	22
1327	38
1328	34
1329	32
1330	28
1331	32
1332	27
1333	29
1334	34
1335	32
1336	35
1337	25
1338	24
1339	31
1340	32
1341	36
1342	26
1343	31
1344	29
1345	25
1346	31
1347	28
1348	32
1349	23
1350	27
1351	28
1352	27
1353	32
1354	30
1355	33
1356	23
1357	24
1358	28
1359	31
1360	32
1361	30
1362	34
1363	21
1364	31
1365	29
1366	27
1367	17
1368	25
1369	27
1370	27
1371	26
1372	29
1373	38
1374	31
1375	28
1376	27
1377	27
1378	30
1379	25
1380	29
1381	29
1382	26
1383	32
1384	24
1385	26
1386	30
1387	27
1388	27
1389	24
1390	30
1391	29
1392	22
1393	34
1394	23
1395	26
1396	32
1397	24
1398	29
1399	33
1400	29
1401	33
1402	30
1403	25
1404	32
1405	28
1406	28
1407	28
1408	30
1409	34
1410	27
1411	32
1412	28
1413	34
1414	30
1415	37
1416	27
1417	31
1418	26
1419	26
1420	29
1421	30
1422	32
1423	25
1424	26
1425	21
1426	25
1427	27
1428	26
1429	31
1430	27
1431	31
1432	30
1433	33
1434	28
1435	24
1436	25
1437	26
1438	26
1439	25
1440	26
1441	30
1442	33
1443	30
1444	31
1445	32
1446	26
1447	28
1448	28
1449	21
1450	27
1451	33
1452	32
1453	26
1454	25
1455	28
1456	29
1457	24
1458	26
1459	33
1460	30
1461	27
1462	21
1463	26
1464	29
1465	24
1466	33
1467	26
1468	25
1469	28
1470	23
1471	27
1472	30
1473	31
1474	26
1475	29
1476	28
1477	30
1478	35
1479	25
1480	26
1481	27
1482	31
1483	20
1484	26
1485	28
1486	32
1487	35
1488	41
1489	30
1490	29
1491	26
1492	31
1493	36
1494	40
1495	32
1496	27
1497	35
1498	30
1499	35
1500	29
1501	26
1502	36
1503	26
1504	19
1505	25
1506	26
1507	30
1508	29
1509	28
1510	37
1511	27
1512	28
1513	32
1514	32
1515	29
1516	26
1517	22
1518	31
1519	27
1520	24
1521	31
1522	25
1523	27
1524	34
1525	33
1526	26
1527	27
1528	27
1529	28
1530	29
1531	20
1532	28
1533	26
1534	26
1535	24
1536	29
1537	29
1538	29
1539	28
1540	28
1541	27
1542	31
1543	19
1544	24
1545	26
1546	33
1547	26
1548	23
1549	31
1550	33
1551	23
1552	29
1553	25
1554	27
1555	33
1556	24
1557	29
1558	25
1559	28
1560	29
1561	23
1562	29
1563	33
1564	30
1565	38
1566	30
1567	32
1568	29
1569	26
1570	32
1571	33
1572	31
1573	24
1574	33
1575	37
1576	24
1577	33
1578	30
1579	31
1580	38
1581	29
1582	29
1583	33
1584	33
1585	30
1586	30
1587	34
1588	27
1589	30
1590	32
1591	29
1592	24
1593	28
1594	31
1595	34
1596	31
1597	27
1598	32
1599	30
1600	33
1601	26
1602	23
1603	26
1604	27
1605	22
1606	23
1607	27
1608	27
1609	28
1610	25
1611	30
1612	21
1613	35
1614	35
1615	29
1616	26
1617	22
1618	28
1619	25
1620	33
1621	29
1622	26
1623	27
1624	22
1625	26
1626	32
1627	26
1628	38
1629	33
1630	27
1631	22
1632	24
1633	23
1634	24
1635	23
1636	28
1637	29
1638	20
1639	19
1640	18
1641	24
1642	20
1643	28
1644	28
1645	25
1646	22
1647	22
1648	24
1649	27
1650	24
1651	19
1652	21
1653	24
1654	28
1655	25
1656	25
1657	27
1658	25
1659	29
1660	27
1661	24
1662	30
1663	28
1664	28
1665	24
1666	23
1667	25
1668	23
1669	30
1670	30
1671	23
1672	27
1673	26
1674	22
1675	26
1676	22
1677	23
1678	24
1679	30
1680	31
1681	33
1682	28
1683	28
1684	27
1685	32
1686	25
1687	26
1688	24
1689	30
1690	31
1691	28
1692	24
1693	28
1694	21
1695	29
1696	26
1697	28
1698	25
1699	23
1700	28
1701	24
1702	25
1703	22
1704	28
1705	26
1706	29
1707	28
1708	23
1709	31
1710	24
1711	30
1712	30
1713	31
1714	29
1715	34
1716	33
1717	33
1718	31
1719	33
1720	24
1721	33
1722	29
1723	22
1724	26
1725	31
1726	31
1727	30
1728	32
1729	21
1730	34
1731	31
1732	28
1733	25
1734	30
1735	29
1736	30
1737	28
1738	26
1739	29
1740	24
1741	29
1742	23
1743	37
1744	28
1745	28
1746	25
1747	22
1748	29
1749	24
1750	35
1751	23
1752	27
1753	29
1754	32
1755	27
1756	35
1757	19
1758	32
1759	30
1760	32
1761	35
1762	31
1763	33
1764	32
1765	32
1766	30
1767	28
1768	30
1769	31
1770	33
1771	27
1772	27
1773	31
1774	27
1775	26
1776	30
1777	31
1778	26
1779	30
1780	29
1781	27
1782	32
1783	28
1784	30
1785	26
1786	31
1787	24
1788	27
1789	23
1790	22
1791	31
1792	27
1793	22
1794	27
1795	23
1796	36
1797	22
1798	30
1799	31
1800	28
1801	32
1802	24
1803	35
1804	26
1805	24
1806	24
1807	35
1808	36
1809	38
1810	38
1811	25
1812	26
1813	25
1814	30
1815	26
1816	35
1817	34
1818	29
1819	29
1820	23
1821	30
1822	21
1823	29
1824	30
1825	31
1826	41
1827	34
1828	36
1829	31
1830	30
1831	34
1832	38
1833	32
1834	32
1835	35
1836	27
1837	26
1838	34
1839	28
1840	26
1841	37
1842	29
1843	34
1844	29
1845	32
1846	27
1847	34
1848	36
1849	29
1850	31
1851	31
1852	30
1853	28
1854	33
1855	31
1856	29
1857	29
1858	28
1859	28
1860	30
1861	34
1862	30
1863	31
1864	35
1865	24
1866	35
1867	29
1868	27
1869	33
1870	32
1871	29
1872	26
1873	33
1874	27
1875	33
1876	28
1877	30
1878	27
1879	37
1880	37
1881	26
1882	32
1883	35
1884	39
1885	33
1886	29
1887	35
1888	40
1889	37
1890	31
1891	38
1892	31
1893	33
1894	37
1895	39
1896	28
1897	38
1898	31
1899	38
1900	30
1901	32
1902	28
1903	40
1904	35
1905	29
1906	36
1907	30
1908	23
1909	35
1910	29
1911	36
1912	28
1913	36
1914	40
1915	35
1916	32
1917	34
1918	30
1919	30
1920	40
1921	33
1922	40
1923	35
1924	35
1925	36
1926	32
1927	31
1928	34
1929	33
1930	33
1931	28
1932	27
1933	37
1934	33
1935	35
1936	31
1937	43
1938	32
1939	36
1940	31
1941	29
1942	30
1943	40
1944	31
1945	34
1946	37
1947	28
1948	26
1949	29
1950	36
1951	33
1952	37
1953	37
1954	33
1955	30
1956	38
1957	29
1958	27
1959	33
1960	36
1961	31
1962	31
1963	36
1964	41
1965	30
1966	36
1967	30
1968	35
1969	30
1970	35
1971	37
1972	40
1973	36
1974	28
1975	32
1976	36
1977	33
1978	37
1979	37
1980	31
1981	37
1982	37
1983	29
1984	34
1985	44
1986	34
1987	40
1988	38
1989	34
1990	41
1991	38
1992	34
1993	33
1994	37
1995	46
1996	35
1997	40
1998	37
1999	31
2000	32
2001	31
2002	29
2003	36
2004	30
2005	38
2006	29
2007	34
2008	43
2009	41
2010	33
2011	44
2012	35
2013	30
2014	36
2015	45
2016	34
2017	35
2018	38
2019	41
2020	30
2021	31
2022	36
2023	33
2024	40
2025	35
2026	35
2027	39
2028	35
2029	32
2030	28
2031	31
2032	37
2033	39
2034	34
2035	27
2036	35
2037	41
2038	31
2039	35
2040	38
2041	32
2042	30
2043	28
2044	31
2045	39
2046	43
2047	44
2048	25
2049	33
2050	43
2051	34
2052	28
2053	32
2054	37
2055	29
2056	29
2057	30
2058	39
2059	36
2060	34
2061	40
2062	34
2063	27
2064	33
2065	23
2066	31
2067	34
2068	36
2069	34
2070	35
2071	36
2072	31
2073	32
2074	34
2075	34
2076	34
2077	30
2078	24
2079	34
2080	27
2081	33
2082	31
2083	44
2084	33
2085	36
2086	32
2087	34
2088	32
2089	23
2090	31
2091	36
2092	37
2093	40
2094	39
2095	28
2096	33
2097	29
2098	32
2099	29
2100	23
2101	32
2102	27
2103	29
2104	31
2105	29
2106	31
2107	36
2108	36
2109	36
2110	22
2111	25
2112	29
2113	25
2114	33
2115	28
2116	27
2117	32
2118	18
2119	33
2120	33
2121	33
2122	25
2123	35
2124	32
2125	29
2126	34
2127	32
2128	33
2129	28
2130	40
2131	26
2132	27
2133	32
2134	31
2135	33
2136	30
2137	33
2138	32
2139	36
2140	35
2141	38
2142	35
2143	30
2144	37
2145	30
2146	36
2147	31
2148	31
2149	28
2150	31
2151	38
2152	28
2153	29
2154	33
2155	31
2156	35
2157	35
2158	33
2159	31
2160	39
2161	31
2162	34
2163	28
2164	31
2165	34
2166	38
2167	38
2168	30
2169	39
2170	35
2171	31
2172	34
2173	28
2174	30
2175	32
2176	38
2177	34
2178	36
2179	38
2180	36
2181	38
2182	37
2183	40
2184	33
2185	31
2186	32
2187	34
2188	29
2189	32
2190	21
2191	33
2192	34
2193	27
2194	31
2195	29
2196	34
2197	30
2198	34
2199	34
2200	25
2201	26
2202	33
2203	31
2204	35
2205	39
2206	35
2207	33
2208	32
2209	40
2210	34
2211	33
2212	33
2213	30
2214	33
2215	28
2216	27
2217	35
2218	26
2219	32
2220	36
2221	30
2222	32
2223	38
2224	31
2225	26
2226	22
2227	37
2228	35
2229	34
2230	34
2231	33
2232	24
2233	28
2234	38
2235	34
2236	28
2237	34
2238	36
2239	35
2240	34
2241	33
2242	35
2243	32
2244	43
2245	28
2246	31
2247	33
2248	28
2249	30
2250	34
2251	31
2252	34
2253	41
2254	35
2255	30
2256	23
2257	33
2258	32
2259	30
2260	35
2261	38
2262	32
2263	33
2264	37
2265	33
2266	45
2267	33
2268	38
2269	40
2270	41
2271	29
2272	33
2273	34
2274	37
2275	34
2276	38
2277	36
2278	31
2279	26
2280	38
2281	31
2282	47
2283	33
2284	33
2285	30
2286	38
2287	28
2288	32
2289	44
2290	34
2291	40
2292	43
2293	45
2294	33
2295	27
2296	33
2297	41
2298	42
2299	36
2300	36
2301	43
2302	34
2303	41
2304	32
2305	33
2306	29
2307	45
2308	43
2309	36
2310	38
2311	43
2312	29
2313	35
2314	41
2315	38
2316	28
2317	30
2318	29
2319	32
2320	38
2321	33
2322	40
2323	45
2324	43
2325	32
2326	37
2327	29
2328	33
2329	34
2330	42
2331	28
2332	35
2333	27
2334	32
2335	31
2336	33
2337	30
2338	27
2339	30
2340	37
2341	38
2342	35
2343	35
2344	30
2345	35
2346	33
2347	25
2348	29
2349	34
2350	25
2351	37
2352	36
2353	28
2354	29
2355	29
2356	33
2357	34
2358	30
2359	39
2360	27
2361	29
2362	33
2363	32
2364	33
2365	36
2366	32
2367	32
2368	26
2369	26
2370	24
2371	38
2372	30
2373	29
2374	30
2375	31
2376	28
2377	37
2378	34
2379	31
2380	33
2381	23
2382	30
2383	32
2384	29
2385	31
2386	34
2387	40
2388	41
2389	28
2390	34
2391	39
2392	24
2393	35
2394	30
2395	34
2396	35
2397	26
2398	34
2399	27
2400	32
2401	26
2402	27
2403	29
2404	39
2405	32
2406	29
2407	35
2408	23
2409	32
2410	29
2411	29
2412	29
2413	34
2414	23
2415	27
2416	34
2417	29
2418	32
2419	30
2420	25
2421	22
2422	33
2423	36
2424	31
2425	35
2426	27
2427	33
2428	39
2429	34
2430	25
2431	27
2432	30
2433	36
2434	28
2435	29
2436	35
2437	30
2438	36
2439	36
2440	37
2441	33
2442	32
2443	24
2444	31
2445	18
2446	25
2447	37
2448	23
2449	32
2450	29
2451	29
2452	22
2453	26
2454	30
2455	35
2456	25
2457	20
2458	23
2459	22
2460	29
2461	22
2462	28
2463	20
2464	24
2465	28
2466	26
2467	31
2468	32
2469	31
2470	41
2471	30
2472	23
2473	23
2474	33
2475	29
2476	30
2477	31
2478	32
2479	32
2480	25
2481	31
2482	34
2483	29
2484	26
2485	27
2486	29
2487	35
2488	27
2489	30
2490	32
2491	25
2492	31
2493	30
2494	28
2495	32
2496	33
2497	27
2498	31
2499	27
2500	32
2501	30
2502	28
2503	28
2504	29
2505	26
2506	25
2507	27
2508	30
2509	22
2510	34
2511	25
2512	22
2513	28
2514	29
2515	32
2516	33
2517	31
2518	24
2519	32
2520	33
2521	34
2522	23
2523	24
2524	27
2525	27
2526	29
2527	33
2528	24
2529	29
2530	33
2531	29
2532	23
2533	29
2534	29
2535	24
2536	27
2537	36
2538	25
2539	33
2540	26
2541	34
2542	30
2543	29
2544	26
2545	33
2546	27
2547	33
2548	26
2549	27
2550	28
2551	30
2552	28
2553	31
2554	27
2555	30
2556	20
2557	25
2558	30
2559	30
2560	28
2561	38
2562	33
2563	37
2564	35
2565	27
2566	31
2567	38
2568	34
2569	30
2570	37
2571	33
2572	32
2573	31
2574	25
2575	27
2576	33
2577	23
2578	31
2579	30
2580	26
2581	38
2582	32
2583	21
2584	27
2585	31
2586	24
2587	29
2588	28
2589	26
2590	34
2591	27
2592	30
2593	34
2594	39
2595	30
2596	31
2597	39
2598	32
2599	34
2600	29
2601	23
2602	29
2603	25
2604	34
2605	30
2606	31
2607	33
2608	32
2609	22
2610	30
2611	26
2612	31
2613	38
2614	24
2615	33
2616	35
2617	31
2618	42
2619	32
2620	35
2621	33
2622	39
2623	30
2624	25
2625	24
2626	30
2627	29
2628	28
2629	33
2630	30
2631	38
2632	33
2633	36
2634	37
2635	35
2636	29
2637	30
2638	36
2639	29
2640	29
2641	32
2642	30
2643	31
2644	27
2645	29
2646	30
2647	30
2648	37
2649	35
2650	24
2651	26
2652	37
2653	25
2654	25
2655	32
2656	30
2657	26
2658	35
2659	32
2660	25
2661	23
2662	29
2663	33
2664	35
2665	25
2666	30
2667	30
2668	32
2669	34
2670	23
2671	30
2672	24
2673	26
2674	30
2675	34
2676	33
2677	25
2678	30
2679	32
2680	31
2681	32
2682	32
2683	25
2684	27
2685	33
2686	28
2687	28
2688	25
2689	25
2690	25
2691	37
2692	38
2693	26
2694	28
2695	37
2696	24
2697	27
2698	28
2699	30
2700	38
2701	33
2702	29
2703	24
2704	25
2705	25
2706	26
2707	26
2708	28
2709	32
2710	21
2711	33
2712	28
2713	24
2714	32
2715	31
2716	33
2717	33
2718	35
2719	28
2720	27
2721	29
2722	40
2723	29
2724	35
2725	26
2726	30
2727	27
2728	30
2729	32
2730	35
2731	28
2732	37
2733	36
2734	33
2735	33
2736	28
2737	36
2738	31
2739	35
2740	29
2741	29
2742	25
2743	38
2744	23
2745	30
2746	26
2747	26
2748	37
2749	27
2750	32
2751	30
2752	28
2753	29
2754	36
2755	28
2756	33
2757	28
2758	23
2759	25
2760	28
2761	28
2762	24
2763	29
2764	31
2765	30
2766	28
2767	35
2768	37
2769	31
2770	21
2771	33
2772	31
2773	25
2774	34
2775	23
2776	32
2777	27
2778	21
2779	25
2780	28
2781	32
2782	26
2783	39
2784	25
2785	33
2786	30
2787	25
2788	25
2789	39
2790	30
2791	27
2792	29
2793	36
2794	37
2795	32
2796	37
2797	29
2798	29
2799	31
2800	32
2801	26
2802	29
2803	21
2804	33
2805	27
2806	33
2807	29
2808	31
2809	24
2810	26
2811	33
2812	28
2813	25
2814	25
2815	26
2816	28
2817	31
2818	24
2819	30
2820	27
2821	34
2822	32
2823	35
2824	30
2825	27
2826	30
2827	27
2828	30
2829	28
2830	36
2831	40
2832	33
2833	32
2834	34
2835	26
2836	30
2837	36
2838	31
2839	26
2840	24
2841	32
2842	28
2843	27
2844	29
2845	27
2846	28
2847	35
2848	41
2849	34
2850	40
2851	33
2852	34
2853	33
2854	26
2855	30
2856	29
2857	36
2858	35
2859	34
2860	33
2861	32
2862	37
2863	31
2864	35
2865	30
2866	37
2867	28
2868	33
2869	32
2870	29
2871	27
2872	31
2873	37
2874	33
2875	31
2876	28
2877	35
2878	25
2879	28
2880	33
2881	28
2882	29
2883	29
2884	21
2885	29
2886	26
2887	31
2888	23
2889	30
2890	33
2891	30
2892	30
2893	33
2894	27
2895	29
2896	26
2897	28
2898	31
2899	24
2900	27
2901	35
2902	32
2903	26
2904	33
2905	26
2906	32
2907	30
2908	34
2909	32
2910	27
2911	32
2912	28
2913	32
2914	29
2915	32
2916	34
2917	35
2918	29
2919	31
2920	28
2921	25
2922	31
2923	28
2924	31
2925	31
2926	29
2927	22
2928	26
2929	32
2930	27
2931	35
2932	32
2933	27
2934	33
2935	31
2936	28
2937	33
2938	30
2939	32
2940	28
2941	29
2942	26
2943	35
2944	24
2945	22
2946	37
2947	28
2948	31
2949	42
2950	33
2951	28
2952	34
2953	37
2954	29
2955	36
2956	32
2957	32
2958	22
2959	25
2960	32
2961	29
2962	30
2963	32
2964	34
2965	35
2966	25
2967	39
2968	37
2969	39
2970	32
2971	37
2972	34
2973	28
2974	30
2975	34
2976	22
2977	28
2978	30
2979	39
2980	33
2981	34
2982	28
2983	36
2984	35
2985	25
2986	34
2987	28
2988	37
2989	38
2990	31
2991	26
2992	36
2993	28
2994	33
2995	33
2996	33
2997	26
2998	33
2999	34
3000	32
3001	36
3002	32
3003	32
3004	29
3005	29
3006	36
3007	42
3008	31
3009	36
3010	36
3011	37
3012	27
3013	29
3014	32
3015	25
3016	35
3017	36
3018	27
3019	33
3020	32
3021	28
3022	33
3023	32
3024	31
3025	26
3026	27
3027	37
3028	28
3029	33
3030	29
3031	28
3032	30
3033	33
3034	31
3035	32
3036	34
3037	34
3038	23
3039	34
3040	41
3041	31
3042	33
3043	36
3044	31
3045	29
3046	30
3047	29
3048	29
3049	31
3050	33
3051	34
3052	27
3053	32
3054	28
3055	35
3056	34
3057	21
3058	30
3059	36
3060	31
3061	29
3062	35
3063	30
3064	33
3065	44
3066	33
3067	33
3068	35
3069	25
3070	36
3071	27
3072	31
3073	24
3074	31
3075	38
3076	39
3077	29
3078	29
3079	30
3080	36
3081	34
3082	31
3083	35
3084	37
3085	35
3086	30
3087	36
3088	39
3089	39
3090	32
3091	28
3092	33
3093	33
3094	39
3095	37
3096	42
3097	38
3098	31
3099	33
3100	32
3101	31
3102	29
3103	34
3104	38
3105	33
3106	31
3107	40
3108	38
3109	39
3110	38
3111	40
3112	38
3113	36
3114	37
3115	36
3116	32
3117	37
3118	40
3119	36
3120	36
3121	32
3122	34
3123	38
3124	32
3125	40
3126	36
3127	27
3128	33
3129	35
3130	28
3131	32
3132	29
3133	28
3134	40
3135	39
3136	32
3137	36
3138	26
3139	33
3140	27
3141	41
3142	33
3143	31
3144	33
3145	31
3146	36
3147	35
3148	38
3149	33
3150	27
3151	42
3152	33
3153	38
3154	34
3155	33
3156	30
3157	27
3158	29
3159	33
3160	35
3161	28
3162	28
3163	33
3164	36
3165	32
3166	32
3167	35
3168	34
3169	33
3170	28
3171	29
3172	44
3173	35
3174	26
3175	33
3176	28
3177	35
3178	34
3179	35
3180	28
3181	30
3182	38
3183	32
3184	33
3185	30
3186	27
3187	27
3188	31
3189	30
3190	29
3191	35
3192	34
3193	34
3194	34
3195	32
3196	27
3197	39
3198	36
3199	32
3200	37
3201	28
3202	31
3203	33
3204	36
3205	33
3206	27
3207	36
3208	27
3209	22
3210	30
3211	32
3212	26
3213	27
3214	31
3215	29
3216	31
3217	26
3218	29
3219	32
3220	33
3221	41
3222	37
3223	30
3224	33
3225	31
3226	26
3227	35
3228	27
3229	31
3230	30
3231	34
3232	37
3233	33
3234	36
3235	33
3236	32
3237	33
3238	22
3239	34
3240	29
3241	29
3242	30
3243	34
3244	30
3245	31
3246	33
3247	32
3248	38
3249	34
3250	33
3251	31
3252	33
3253	21
3254	29
3255	29
3256	36
3257	38
3258	26
3259	34
3260	31
3261	37
3262	29
3263	20
3264	29
3265	32
3266	33
3267	31
3268	32
3269	37
3270	32
3271	32
3272	34
3273	28
3274	30
3275	23
3276	20
3277	27
3278	33
3279	28
3280	31
3281	30
3282	41
3283	27
3284	41
3285	33
3286	23
3287	27
3288	30
3289	32
3290	39
3291	33
3292	31
3293	30
3294	33
3295	37
3296	37
3297	36
3298	38
3299	42
3300	34
3301	40
3302	32
3303	37
3304	32
3305	34
3306	36
3307	32
3308	29
3309	30
3310	30
3311	34
3312	29
3313	32
3314	32
3315	27
3316	26
3317	33
3318	25
3319	41
3320	40
3321	34
3322	38
3323	29
3324	42
3325	32
3326	36
3327	36
3328	41
3329	32
3330	36
3331	33
3332	38
3333	35
3334	38
3335	37
3336	28
3337	28
3338	28
3339	37
3340	21
3341	40
3342	39
3343	33
3344	33
3345	29
3346	35
3347	40
3348	38
3349	36
3350	42
3351	35
3352	41
3353	42
3354	32
3355	38
3356	33
3357	31
3358	35
3359	37
3360	37
3361	31
3362	33
3363	39
3364	37
3365	27
3366	33
3367	31
3368	35
3369	40
3370	42
3371	34
3372	37
3373	31
3374	23
3375	32
3376	34
3377	30
3378	38
3379	29
3380	33
3381	34
3382	36
3383	33
3384	35
3385	35
3386	36
3387	30
3388	30
3389	35
3390	31
3391	36
3392	30
3393	32
3394	33
3395	29
3396	35
3397	33
3398	25
3399	31
3400	36
3401	40
3402	30
3403	34
3404	33
3405	34
3406	35
3407	34
3408	35
3409	28
3410	30
3411	30
3412	37
3413	38
3414	31
3415	33
3416	34
3417	35
3418	41
3419	33
3420	40
3421	37
3422	30
3423	35
3424	33
3425	32
3426	34
3427	32
3428	38
3429	26
3430	37
3431	32
3432	35
3433	35
3434	36
3435	40
3436	33
3437	33
3438	43
3439	37
3440	40
3441	34
3442	31
3443	33
3444	35
3445	38
3446	36
3447	34
3448	33
3449	33
3450	31
3451	36
3452	35
3453	35
3454	39
3455	29
3456	40
3457	28
3458	29
3459	29
3460	29
3461	33
3462	28
3463	30
3464	34
3465	29
3466	32
3467	31
3468	34
3469	31
3470	31
3471	31
3472	31
3473	34
3474	26
3475	37
3476	30
3477	22
3478	33
3479	30
3480	34
3481	32
3482	29
3483	31
3484	37
3485	33
3486	30
3487	34
3488	29
3489	34
3490	31
3491	30
3492	37
3493	34
3494	32
3495	28
3496	34
3497	35
3498	27
3499	37
3500	23
3501	30
3502	38
3503	31
3504	25
3505	36
3506	31
3507	34
3508	26
3509	25
3510	31
3511	33
3512	28
3513	28
3514	31
3515	33
3516	31
3517	29
3518	34
3519	33
3520	34
3521	32
3522	28
3523	33
3524	34
3525	30
3526	33
3527	23
3528	28
3529	21
3530	32
3531	28
3532	33
3533	28
3534	30
3535	29
3536	24
3537	23
3538	31
3539	35
3540	29
3541	34
3542	36
3543	34
3544	24
3545	29
3546	21
3547	26
3548	32
3549	31
3550	24
3551	32
3552	25
3553	28
3554	27
3555	21
3556	23
3557	29
3558	25
3559	29
3560	25
3561	25
3562	24
3563	32
3564	24
3565	36
3566	40
3567	29
3568	37
3569	22
3570	29
3571	30
3572	34
3573	26
3574	37
3575	27
3576	24
3577	30
3578	31
3579	31
3580	39
3581	26
3582	27
3583	31
3584	32
3585	30
3586	26
3587	35
3588	33
3589	40
3590	29
3591	31
3592	33
3593	29
3594	34
3595	29
3596	34
3597	39
3598	33
3599	38
3600	37
3601	35
3602	36
3603	35
3604	36
3605	29
3606	27
3607	31
3608	25
3609	31
3610	33
3611	38
3612	27
3613	28
3614	30
3615	36
3616	29
3617	27
3618	26
3619	34
3620	26
3621	31
3622	31
3623	33
3624	29
3625	28
3626	29
3627	33
3628	31
3629	27
3630	32
3631	29
3632	31
3633	37
3634	30
3635	40
3636	34
3637	32
3638	34
3639	34
3640	37
3641	30
3642	26
3643	31
3644	26
3645	33
3646	31
3647	33
3648	35
3649	30
3650	41
3651	32
3652	29
3653	32
3654	31
3655	26
3656	27
3657	27
3658	38
3659	23
3660	29
3661	23
3662	32
3663	28
3664	28
3665	28
3666	30
3667	23
3668	22
3669	35
3670	34
3671	28
3672	22
3673	27
3674	28
3675	28
3676	27
3677	27
3678	23
3679	28
3680	39
3681	28
3682	28
3683	28
3684	27
3685	25
3686	33
3687	31
3688	33
3689	26
3690	29
3691	28
3692	21
3693	25
3694	30
3695	34
3696	35
3697	28
3698	33
3699	29
3700	33
3701	30
3702	26
3703	31
3704	26
3705	26
3706	27
3707	26
3708	27
3709	27
3710	33
3711	31
3712	29
3713	23
3714	24
3715	32
3716	32
3717	27
3718	25
3719	32
3720	36
3721	28
3722	34
3723	33
3724	31
3725	25
3726	24
3727	26
3728	31
3729	28
3730	26
3731	31
3732	25
3733	23
3734	30
3735	29
3736	24
3737	19
3738	28
3739	25
3740	24
3741	31
3742	33
3743	24
3744	21
3745	25
3746	24
3747	35
3748	30
3749	31
3750	26
3751	21
3752	25
3753	27
3754	28
3755	27
3756	31
3757	28
3758	40
3759	17
3760	29
3761	21
3762	25
3763	30
3764	23
3765	24
3766	29
3767	17
3768	22
3769	30
3770	24
3771	21
3772	30
3773	27
3774	27
3775	29
3776	35
3777	27
3778	31
3779	26
3780	31
3781	33
3782	32
3783	27
3784	29
3785	29
3786	28
3787	20
3788	29
3789	26
3790	23
3791	25
3792	27
3793	24
3794	26
3795	27
3796	24
3797	23
3798	31
3799	28
3800	31
3801	30
3802	29
3803	29
3804	30
3805	27
3806	27
3807	31
3808	28
3809	27
3810	26
3811	25
3812	29
3813	28
3814	22
3815	31
3816	26
3817	29
3818	26
3819	24
3820	22
3821	25
3822	24
3823	30
3824	34
3825	28
3826	25
3827	26
3828	27
3829	19
3830	28
3831	25
3832	25
3833	29
3834	31
3835	24
3836	28
3837	28
3838	29
3839	27
3840	31
3841	23
3842	21
3843	24
3844	30
3845	24
3846	25
3847	37
3848	27
3849	28
3850	25
3851	18
3852	33
3853	21
3854	30
3855	27
3856	17
3857	25
3858	27
3859	23
3860	32
3861	25
3862	31
3863	26
3864	28
3865	29
3866	29
3867	33
3868	32
3869	29
3870	26
3871	30
3872	27
3873	27
3874	26
3875	20
3876	25
3877	25
3878	23
3879	25
3880	27
3881	29
3882	27
3883	25
3884	21
3885	24
3886	25
3887	32
3888	27
3889	28
3890	21
3891	27
3892	26
3893	22
3894	29
3895	25
3896	20
3897	17
3898	20
3899	20
3900	22
3901	28
3902	19
3903	23
3904	24
3905	25
3906	28
3907	26
3908	28
3909	25
3910	28
3911	29
3912	22
3913	27
3914	25
3915	32
3916	26
3917	27
3918	30
3919	24
3920	26
3921	32
3922	34
3923	28
3924	24
3925	28
3926	20
3927	27
3928	22
3929	30
3930	28
3931	27
3932	21
3933	22
3934	23
3935	35
3936	28
3937	22
3938	31
3939	23
3940	22
3941	18
3942	31
3943	26
3944	28
3945	15
3946	24
3947	33
3948	19
3949	30
3950	27
3951	22
3952	28
3953	32
3954	24
3955	26
3956	20
3957	26
3958	26
3959	30
3960	25
3961	27
3962	25
3963	26
3964	22
3965	19
3966	22
3967	32
3968	26
3969	25
3970	21
3971	26
3972	21
3973	25
3974	22
3975	29
3976	24
3977	27
3978	23
3979	21
3980	33
3981	25
3982	25
3983	27
3984	30
3985	28
3986	25
3987	30
3988	26
3989	29
3990	27
3991	25
3992	22
3993	22
3994	22
3995	21
3996	25
3997	24
3998	20
3999	27
4000	23
4001	21
4002	24
4003	17
4004	28
4005	29
4006	17
4007	30
4008	27
4009	24
4010	26
4011	22
4012	23
4013	26
4014	25
4015	25
4016	27
4017	28
4018	30
4019	30
4020	29
4021	36
4022	30
4023	25
4024	28
4025	31
4026	35
4027	22
4028	22
4029	24
4030	16
4031	27
4032	31
4033	25
4034	24
4035	25
4036	21
4037	25
4038	32
4039	21
4040	16
4041	28
4042	26
4043	28
4044	26
4045	27
4046	29
4047	28
4048	35
4049	28
4050	26
4051	20
4052	23
4053	25
4054	20
4055	32
4056	23
4057	21
4058	31
4059	22
4060	27
4061	27
4062	32
4063	28
4064	27
4065	27
4066	29
4067	27
4068	31
4069	32
4070	27
4071	26
4072	25
4073	34
4074	22
4075	30
4076	23
4077	25
4078	25
4079	22
4080	35
4081	35
4082	29
4083	24
4084	27
4085	30
4086	26
4087	29
4088	27
4089	32
4090	26
4091	30
4092	20
4093	20
4094	31
4095	27
4096	32
4097	28
4098	26
4099	24
4100	25
4101	28
4102	29
4103	28
4104	29
4105	32
4106	23
4107	24
4108	29
4109	28
4110	31
4111	32
4112	32
4113	28
4114	26
4115	26
4116	24
4117	28
4118	32
4119	28
4120	29
4121	26
4122	27
4123	29
4124	26
4125	24
4126	29
4127	25
4128	27
4129	32
4130	27
4131	27
4132	25
4133	29
4134	21
4135	26
4136	28
4137	30
4138	32
4139	29
4140	28
4141	23
4142	31
4143	24
4144	27
4145	29
4146	32
4147	23
4148	26
4149	30
4150	32
4151	28
4152	27
4153	25
4154	32
4155	25
4156	32
4157	30
4158	23
4159	27
4160	26
4161	31
4162	32
4163	27
4164	24
4165	26
4166	16
4167	30
4168	27
4169	27
4170	31
4171	28
4172	21
4173	28
4174	27
4175	27
4176	31
4177	30
4178	32
4179	34
4180	26
4181	26
4182	31
4183	26
4184	33
4185	22
4186	28
4187	29
4188	27
4189	26
4190	26
4191	32
4192	27
4193	28
4194	32
4195	31
4196	25
4197	34
4198	27
4199	27
4200	30
4201	31
4202	32
4203	26
4204	39
4205	30
4206	29
4207	29
4208	22
4209	38
4210	23
4211	34
4212	34
4213	34
4214	36
4215	38
4216	23
4217	26
4218	34
4219	32
4220	34
4221	26
4222	34
4223	32
4224	36
4225	30
4226	27
4227	37
4228	30
4229	34
4230	38
4231	30
4232	25
4233	30
4234	29
4235	34
4236	35
4237	19
4238	33
4239	23
4240	35
4241	33
4242	30
4243	30
4244	35
4245	24
4246	29
4247	27
4248	21
4249	37
4250	36
4251	44
4252	35
4253	26
4254	37
4255	27
4256	30
4257	32
4258	28
4259	30
4260	30
4261	33
4262	28
4263	38
4264	30
4265	31
4266	27
4267	33
4268	37
4269	28
4270	34
4271	31
4272	26
4273	34
4274	35
4275	37
4276	32
4277	33
4278	28
4279	27
4280	27
4281	31
4282	29
4283	33
4284	29
4285	26
4286	31
4287	33
4288	36
4289	29
4290	34
4291	31
4292	25
4293	30
4294	29
4295	37
4296	27
4297	24
4298	32
4299	36
4300	27
4301	31
4302	37
4303	37
4304	29
4305	27
4306	30
4307	32
4308	39
4309	30
4310	31
4311	38
4312	36
4313	40
4314	26
4315	32
4316	30
4317	32
4318	30
4319	37
4320	32
4321	26
4322	28
4323	34
4324	30
4325	34
4326	35
4327	36
4328	28
4329	30
4330	36
4331	38
4332	39
4333	40
4334	39
4335	44
4336	35
4337	39
4338	37
4339	37
4340	43
4341	35
4342	28
4343	35
4344	32
4345	41
4346	38
4347	34
4348	33
4349	36
4350	39
4351	38
4352	40
4353	42
4354	39
4355	37
4356	42
4357	34
4358	33
4359	43
4360	44
4361	45
4362	39
4363	45
4364	40
4365	41
4366	36
4367	36
4368	33
4369	40
4370	30
4371	36
4372	32
4373	41
4374	35
4375	28
4376	29
4377	31
4378	43
4379	31
4380	38
4381	33
4382	34
4383	31
4384	33
4385	33
4386	37
4387	33
4388	27
4389	28
4390	34
4391	37
4392	35
4393	44
4394	51
4395	39
4396	39
4397	43
4398	33
4399	37
4400	40
4401	37
4402	36
4403	39
4404	37
4405	37
4406	43
4407	31
4408	26
4409	32
4410	43
4411	30
4412	34
4413	32
4414	33
4415	32
4416	43
4417	36
4418	33
4419	38
4420	37
4421	34
4422	41
4423	26
4424	28
4425	30
4426	29
4427	28
4428	39
4429	38
4430	33
4431	37
4432	34
4433	30
4434	27
4435	37
4436	39
4437	37
4438	39
4439	37
4440	29
4441	36
4442	31
4443	33
4444	37
4445	38
4446	35
4447	33
4448	33
4449	41
4450	31
4451	38
4452	34
4453	36
4454	36
4455	32
4456	30
4457	37
4458	36
4459	35
4460	40
4461	40
4462	45
4463	39
4464	40
4465	43
4466	35
4467	46
4468	41
4469	33
4470	35
4471	39
4472	33
4473	34
4474	40
4475	36
4476	34
4477	36
4478	34
4479	42
4480	34
4481	30
4482	34
4483	31
4484	30
4485	41
4486	27
4487	34
4488	34
4489	27
4490	32
4491	31
4492	33
4493	41
4494	34
4495	38
4496	35
4497	45
4498	43
4499	44
4500	39
4501	34
4502	37
4503	31
4504	35
4505	31
4506	36
4507	33
4508	30
4509	33
4510	29
4511	22
4512	26
4513	38
4514	32
4515	37
4516	34
4517	31
4518	31
4519	33
4520	28
4521	33
4522	38
4523	40
4524	40
4525	43
4526	31
4527	34
4528	41
4529	29
4530	33
4531	43
4532	40
4533	36
4534	28
4535	37
4536	30
4537	29
4538	36
4539	28
4540	30
4541	25
4542	32
4543	33
4544	37
4545	34
4546	24
4547	35
4548	31
4549	39
4550	29
4551	24
4552	34
4553	28
4554	34
4555	27
4556	30
4557	35
4558	32
4559	36
4560	37
4561	38
4562	30
4563	31
4564	33
4565	36
4566	33
4567	28
4568	30
4569	32
4570	30
4571	28
4572	32
4573	34
4574	37
4575	34
4576	35
4577	29
4578	31
4579	32
4580	32
4581	30
4582	29
4583	36
4584	34
4585	32
4586	33
4587	32
4588	38
4589	33
4590	33
4591	27
4592	32
4593	27
4594	30
4595	33
4596	36
4597	41
4598	30
4599	29
4600	28
4601	35
4602	27
4603	33
4604	34
4605	34
4606	28
4607	41
4608	35
4609	35
4610	29
4611	37
4612	29
4613	34
4614	21
4615	27
4616	33
4617	23
4618	38
4619	28
4620	36
4621	33
4622	34
4623	40
4624	37
4625	38
4626	40
4627	30
4628	32
4629	34
4630	35
4631	35
4632	36
4633	31
4634	32
4635	34
4636	39
4637	40
4638	37
4639	29
4640	30
4641	33
4642	27
4643	39
4644	39
4645	43
4646	37
4647	39
4648	27
4649	37
4650	35
4651	35
4652	37
4653	37
4654	38
4655	35
4656	35
4657	28
4658	27
4659	31
4660	39
4661	37
4662	35
4663	32
4664	35
4665	39
4666	35
4667	37
4668	37
4669	40
4670	38
4671	30
4672	39
4673	36
4674	42
4675	36
4676	25
4677	31
4678	33
4679	32
4680	34
4681	40
4682	33
4683	32
4684	41
4685	36
4686	32
4687	44
4688	29
4689	34
4690	39
4691	37
4692	39
4693	29
4694	36
4695	39
4696	25
4697	40
4698	25
4699	29
4700	40
4701	44
4702	28
4703	34
4704	36
4705	29
4706	32
4707	36
4708	29
4709	33
4710	35
4711	28
4712	29
4713	35
4714	31
4715	32
4716	35
4717	33
4718	36
4719	33
4720	40
4721	38
4722	36
4723	37
4724	32
4725	30
4726	26
4727	26
4728	43
4729	33
4730	34
4731	31
4732	37
4733	34
4734	32
4735	24
4736	32
4737	33
4738	29
4739	32
4740	42
4741	39
4742	31
4743	36
4744	27
4745	33
4746	36
4747	37
4748	32
4749	41
4750	38
4751	33
4752	41
4753	35
4754	39
4755	39
4756	34
4757	39
4758	29
4759	39
4760	31
4761	26
4762	36
4763	34
4764	35
4765	42
4766	33
4767	34
4768	28
4769	25
4770	27
4771	39
4772	24
4773	34
4774	35
4775	36
4776	35
4777	30
4778	33
4779	32
4780	31
4781	27
4782	35
4783	31
4784	31
4785	28
4786	29
4787	23
4788	26
4789	34
4790	30
4791	42
4792	33
4793	35
4794	35
4795	36
4796	30
4797	30
4798	34
4799	33
4800	30
4801	34
4802	37
4803	27
4804	39
4805	32
4806	32
4807	33
4808	30
4809	35
4810	31
4811	39
4812	33
4813	36
4814	37
4815	33
4816	37
4817	33
4818	37
4819	33
4820	34
4821	29
4822	33
4823	35
4824	33
4825	30
4826	32
4827	29
4828	33
4829	36
4830	32
4831	32
4832	39
4833	33
4834	40
4835	30
4836	36
4837	42
4838	37
4839	34
4840	34
4841	36
4842	29
4843	33
4844	32
4845	26
4846	36
4847	36
4848	36
4849	28
4850	30
4851	33
4852	39
4853	36
4854	35
4855	29
4856	33
4857	30
4858	34
4859	30
4860	38
4861	36
4862	43
4863	36
4864	35
4865	33
4866	37
4867	39
4868	37
4869	30
4870	40
4871	28
4872	36
4873	31
4874	33
4875	27
4876	41
4877	29
4878	34
4879	21
4880	31
4881	31
4882	41
4883	34
4884	24
4885	32
4886	29
4887	28
4888	28
4889	34
4890	32
4891	28
4892	34
4893	28
4894	31
4895	30
4896	32
4897	33
4898	31
4899	35
4900	29
4901	27
4902	34
4903	37
4904	32
4905	34
4906	37
4907	35
4908	24
4909	35
4910	35
4911	33
4912	33
4913	27
4914	27
4915	39
4916	31
4917	32
4918	31
4919	33
4920	39
4921	38
4922	35
4923	40
4924	27
4925	31
4926	40
4927	33
4928	35
4929	30
4930	35
4931	27
4932	37
4933	33
4934	42
4935	27
4936	30
4937	30
4938	33
4939	30
4940	33
4941	34
4942	29
4943	34
4944	26
4945	34
4946	26
4947	33
4948	29
4949	28
4950	32
4951	30
4952	36
4953	33
4954	36
4955	32
4956	43
4957	30
4958	26
4959	28
4960	26
4961	33
4962	23
4963	29
4964	36
4965	30
4966	29
4967	34
4968	30
4969	29
4970	26
4971	23
4972	23
4973	32
4974	32
4975	31
4976	28
4977	32
4978	25
4979	30
4980	33
4981	33
4982	31
4983	29
4984	23
4985	32
4986	33
4987	33
4988	35
4989	20
4990	31
4991	29
4992	30
4993	36
4994	29
4995	28
4996	35
4997	31
4998	35
4999	32
5000	31
5001	30
5002	38
5003	34
5004	34
5005	27
5006	31
5007	31
5008	27
5009	31
5010	27
5011	30
5012	33
5013	31
5014	29
5015	33
5016	35
5017	29
5018	32
5019	34
5020	27
5021	28
5022	22
5023	31
5024	32
5025	27
5026	34
5027	36
5028	34
5029	38
5030	33
5031	30
5032	38
5033	40
5034	29
5035	34
5036	33
5037	29
5038	30
5039	29
5040	31
5041	39
5042	36
5043	35
5044	37
5045	30
5046	33
5047	34
5048	31
5049	35
5050	39
5051	42
5052	39
5053	46
5054	40
5055	36
5056	41
5057	35
5058	43
5059	45
5060	37
5061	40
5062	31
5063	41
5064	34
5065	32
5066	32
5067	38
5068	37
5069	40
5070	36
5071	33
5072	39
5073	38
5074	37
5075	41
5076	37
5077	33
5078	39
5079	38
5080	27
5081	34
5082	44
5083	39
5084	41
5085	42
5086	35
5087	33
5088	43
5089	32
5090	41
5091	38
5092	39
5093	42
5094	36
5095	37
5096	40
5097	33
5098	43
5099	45
5100	39
5101	42
5102	42
5103	39
5104	34
5105	41
5106	35
5107	35
5108	37
5109	37
5110	33
5111	36
5112	42
5113	39
5114	33
5115	45
5116	34
5117	38
5118	38
5119	45
5120	36
5121	37
5122	41
5123	37
5124	42
5125	36
5126	37
5127	38
5128	35
5129	33
5130	34
5131	31
5132	35
5133	37
5134	37
5135	34
5136	36
5137	37
5138	36
5139	38
5140	39
5141	33
5142	36
5143	39
5144	40
5145	32
5146	33
5147	49
5148	41
5149	40
5150	37
5151	32
5152	29
5153	32
5154	33
5155	32
5156	38
5157	32
5158	33
5159	39
5160	35
5161	37
5162	33
5163	37
5164	34
5165	37
5166	34
5167	36
5168	35
5169	33
5170	37
5171	32
5172	42
5173	28
5174	34
5175	34
5176	31
5177	31
5178	29
5179	29
5180	31
5181	34
5182	40
5183	45
5184	28
5185	38
5186	36
5187	33
5188	36
5189	36
5190	44
5191	41
5192	41
5193	33
5194	36
5195	31
5196	34
5197	33
5198	31
5199	32
5200	35
5201	35
5202	37
5203	34
5204	37
5205	40
5206	29
5207	31
5208	26
5209	31
5210	40
5211	41
5212	40
5213	33
5214	29
5215	41
5216	34
5217	40
5218	35
5219	38
5220	31
5221	32
5222	40
5223	38
5224	34
5225	33
5226	40
5227	34
5228	41
5229	39
5230	36
5231	40
5232	30
5233	37
5234	42
5235	40
5236	31
5237	43
5238	39
5239	38
5240	40
5241	32
5242	33
5243	38
5244	33
5245	38
5246	36
5247	35
5248	34
5249	45
5250	40
5251	33
5252	40
5253	36
5254	39
5255	36
5256	32
5257	31
5258	38
5259	40
5260	35
5261	29
5262	30
5263	30
5264	36
5265	35
5266	40
5267	33
5268	38
5269	32
5270	32
5271	31
5272	32
5273	31
5274	35
5275	33
5276	41
5277	42
5278	39
5279	35
5280	38
5281	42
5282	34
5283	34
5284	42
5285	40
5286	47
5287	31
5288	29
5289	34
5290	38
5291	36
5292	35
5293	34
5294	31
5295	39
5296	37
5297	40
5298	37
5299	41
5300	28
5301	40
5302	36
5303	34
5304	38
5305	49
5306	39
5307	35
5308	37
5309	44
5310	33
5311	42
5312	37
5313	41
5314	38
5315	41
5316	40
5317	40
5318	35
5319	42
5320	44
5321	36
5322	41
5323	38
5324	45
5325	42
5326	44
5327	37
5328	41
5329	34
5330	39
5331	34
5332	46
5333	44
5334	38
5335	45
5336	37
5337	39
5338	40
5339	48
5340	38
5341	42
5342	42
5343	36
5344	37
5345	48
5346	39
5347	37
5348	43
5349	41
5350	37
5351	37
5352	30
5353	33
5354	40
5355	36
5356	39
5357	36
5358	31
5359	41
5360	36
5361	45
5362	40
5363	47
5364	42
5365	41
5366	41
5367	42
5368	35
5369	41
5370	34
5371	42
5372	36
5373	33
5374	32
5375	46
5376	41
5377	38
5378	43
5379	43
5380	33
5381	41
5382	44
5383	43
5384	37
5385	45
5386	46
5387	44
5388	42
5389	36
5390	40
5391	40
5392	43
5393	37
5394	33
5395	30
5396	41
5397	35
5398	36
5399	34
5400	37
5401	42
5402	40
5403	41
5404	33
5405	36
5406	31
5407	37
5408	33
5409	35
5410	45
5411	37
5412	37
5413	39
5414	45
5415	39
5416	45
5417	57
5418	36
5419	41
5420	40
5421	40
5422	39
5423	43
5424	33
5425	37
5426	37
5427	36
5428	44
5429	31
5430	35
5431	34
5432	39
5433	38
5434	35
5435	40
5436	40
5437	44
5438	44
5439	40
5440	34
5441	45
5442	45
5443	40
5444	38
5445	43
5446	38
5447	38
5448	36
5449	38
5450	27
5451	38
5452	29
5453	41
5454	33
5455	37
5456	34
5457	43
5458	41
5459	43
5460	40
5461	36
5462	37
5463	36
5464	31
5465	43
5466	38
5467	39
5468	34
5469	34
5470	36
5471	45
5472	35
5473	41
5474	38
5475	46
5476	38
5477	35
5478	34
5479	32
5480	39
5481	32
5482	43
5483	33
5484	41
5485	35
5486	42
5487	44
5488	38
5489	34
5490	46
5491	36
5492	43
5493	35
5494	35
5495	39
5496	47
5497	35
5498	29
5499	37
5500	37
